2808
8991
1990
5339
1732
9658
8913
576
6263
4185
3845
2071
8425
4428
38
2822
5536
9533
3425
8271
7257
2195
413
7985
9237
1068
4810
4423
3823
7689
3151
940
26
8642
3932
9385
8194
169
8998
4840
9620
2940
4728
1393
7727
9269
6525
8167
5395
3725
2625
9254
2493
768
2241
4723
8756
9825
8680
2357
9766
9045
211
1451
7980
3865
191
638
6519
5471
3243
1452
722
7265
6104
8142
1367
4508
214
2112
3886
3494
8027
6287
9913
1750
6613
681
1055
101
185
5499
9931
692
7853
2229
165
2525
4125
6320
5336
7461
7453
7325
6632
5195
6496
3638
392
5283
4623
9352
9623
7923
723
172
8092
2933
8354
3812
1663
8101
5901
7834
9163
3934
7566
4534
4270
1716
8712
8114
640
5754
9391
4143
4832
8675
6716
5107
5454
771
156
8684
2391
465
3797
7335
6980
3249
6141
8783
2564
641
1125
6969
4985
9096
3684
2232
4260
1164
9419
7608
1932
7655
694
5366
3425
88
856
4240
1074
7285
4154
3132
1479
8599
1434
1512
291
8993
679
224
8657
7929
7113
8944
8112
4878
9690
8165
4954
9140
9553
4234
866
631
1299
5731
3844
1290
9770
8260
2414
3870
3444
2578
6506
5989
532
7939
401
2546
5370
8478
6711
8854
815
5555
5467
194
7016
3034
9106
866
8131
5706
2384
7279
6370
3255
6055
5145
7062
3484
4542
398
9383
8886
756
7142
4816
42
5734
3590
9493
7860
6815
8763
7112
4160
5704
8523
6335
6771
6987
9423
237
960
8369
2800
5717
3733
6262
9557
7575
1391
4198
8165
5414
3527
7005
4568
1446
8628
662
2836
3872
7401
6337
9749
3553
9997
7220
4750
1368
2422
8460
9162
9885
5593
3777
4966
5723
7747
7111
4001
8373
7184
4067
2984
7109
7712
5851
8433
128
3570
7890
8237
9054
4104
6380
3430
7588
1000
8675
4516
5179
2517
7566
1608
5379
9804
5288
6594
3767
161
398
8562
2227
855
9540
783
4722
5013
6547
8723
4729
8002
3355
3713
5982
8696
735
6237
6308
5111
2012
6061
8971
7953
9600
3871
7174
8833
2441
513
5149
2126
2273
5460
3607
748
7988
5701
8234
6495
327
9900
7385
5004
3614
373
9167
3878
7334
7192
8682
94
7970
4569
3391
9367
694
9553
8241
5898
1286
7039
2511
5583
942
3091
7163
9627
524
679
4904
8338
6237
8059
5115
6793
5739
232
2363
5081
2212
8196
289
5851
4104
9017
2324
1016
9894
2159
6923
7638
517
3944
7762
263
6879
2556
8713
3238
6273
565
9319
1966
9469
589
8929
6414
9710
2435
6743
3713
5955
6808
558
9239
5301
1519
9195
7149
3741
1000
2301
2051
120
8924
6504
3189
5522
6695
8731
1372
9142
7700
5939
6677
2187
8327
5441
1927
3306
1974
1567
2912
2657
1532
2502
1377
6802
9168
5763
892
3354
9605
2052
8931
2515
4573
4953
680
2486
1620
8330
1435
7083
20
4151
4765
6856
222
981
3097
9497
913
7363
5802
1378
9597
4956
7468
9713
8390
3427
5616
4006
6629
2811
2812
6197
5855
9365
2852
1264
747
7750
4504
3862
1647
5814
9150
2078
486
8208
586
6339
2105
1595
6241
96
7242
7314
9110
9029
1782
7018
8821
7206
9260
3035
8405
1880
70
7958
616
3433
1335
7346
3900
3329
5991
5307
3505
915
8260
5216
7639
9364
5416
6842
2073
2163
2499
6761
9111
4147
7460
1103
8507
5281
9127
8361
8536
1140
9326
5336
5188
1358
3511
1071
6247
6184
1339
2081
4879
1726
9765
7149
4275
6476
6443
1465
881
5260
477
8016
8801
1884
909
8779
2058
8450
712
9469
4590
7554
5515
9415
84
3401
1808
2465
5038
9243
8954
5709
8830
1490
2966
313
3975
5340
7735
2788
8241
2853
1141
5563
7853
1999
9320
2978
7611
4412
2250
2441
9445
347
7775
844
5624
1620
9198
3142
6700
7208
3672
3427
7049
1641
4726
8786
2876
3276
2515
2767
8470
8147
9602
8388
6589
5203
8445
260
7941
420
9148
1629
2914
535
2469
4930
5936
1979
3625
3770
9157
6933
6994
193
7485
6399
468
3528
1454
9652
902
6168
7880
539
8894
7219
803
3685
1935
7113
6832
7864
9882
5006
9686
9561
5649
6063
8455
7051
7035
7568
2898
4193
2685
1230
6975
3593
6328
3995
8718
775
8626
1235
530
4580
5262
4256
9067
4124
3193
8755
7954
9350
4416
2037
9764
444
8033
4638
5927
1223
6915
6282
4536
2950
4869
7073
6371
8001
3819
2249
8900
7288
8256
2869
6478
1421
5941
5416
2552
3206
9711
430
6244
8280
5101
4035
1402
1421
2468
6480
909
8404
322
8676
2876
7122
8622
1124
8164
7171
6986
9568
639
4056
2916
8300
2533
2775
9443
5059
7341
5647
9925
1207
1782
933
88
7022
6549
2087
3909
4766
2774
2224
416
1522
7481
4849
3073
9695
6614
9757
2065
5562
8676
2563
2505
5260
5505
7370
8338
3234
9239
4704
2554
281
6164
1046
9237
7094
8786
2037
1884
4453
7209
8745
5498
3077
9731
5262
6993
4562
374
6346
9639
9777
8042
5804
2424
2659
7960
9902
4535
5409
1094
5198
8448
5769
1384
6890
2522
8280
3765
2013
5467
9196
8221
1662
535
9079
6394
7750
6897
8008
7621
2790
9300
5813
746
5676
4787
3756
6470
2493
7072
4709
2608
9030
4933
6009
1206
854
941
2902
2149
7543
747
777
2637
13
1201
1226
5683
3728
7637
378
3679
6036
6805
7932
4966
2873
2152
1834
2367
8644
2392
6654
2652
3194
2660
3363
5046
1523
9924
4440
5053
5083
801
1026
7104
8378
408
8167
5830
904
5495
123
1148
2452
3734
171
6737
9277
3733
8377
4991
9692
7131
6394
4078
304
4945
509
4345
8260
5242
2889
1982
663
8165
6246
7594
9588
7335
8987
6139
46
3784
6350
2530
8666
9650
7950
4141
2850
4127
3738
7445
3765
3398
8444
1039
1601
9619
9247
1450
8285
1414
2625
1268
1027
9799
4134
1406
9929
8967
9191
563
4252
940
3874
5359
4884
6755
2189
4000
5028
4531
317
4849
7232
6561
8922
8799
2478
3373
1791
985
6254
2613
2762
3015
7276
4566
3211
1665
6847
4125
9195
3756
715
1120
762
9821
732
7048
5913
1058
613
6462
8233
5085
8667
5528
286
6048
497
8602
4575
3734
6341
6081
16
4534
1010
3198
4740
4326
9153
1
5307
9648
4991
7295
8384
8890
3577
1988
3369
9677
164
7984
3499
2056
5297
5530
8569
9717
5901
2754
4544
3013
6816
8031
4065
8283
2973
766
7151
7678
9730
1188
3218
2501
7767
6847
3964
948
9363
4644
1631
8023
4895
2421
8695
1435
1959
3409
3116
2295
4638
170
7960
3553
7127
2056
5412
2311
4192
1653
2968
4340
735
1216
3986
481
4131
9666
5625
4913
5937
4362
4720
4758
4058
9581
6142
8918
2556
5392
8817
1638
3876
6436
1697
2870
7481
40
5743
3188
9624
7024
8228
5771
1304
6587
2521
1717
5335
8745
9940
7871
8883
3915
206
8227
4848
9478
3578
971
4012
7385
851
3289
18
5225
7038
5146
918
5564
793
1457
4293
4795
4409
9263
7762
3303
8575
2866
3066
3274
1982
5195
9848
9169
8326
8148
4782
8550
2325
8092
2726
7746
1914
5288
9226
7645
5980
7606
7900
9815
5703
9560
1938
2108
2851
7451
6323
5902
226
181
6211
4238
7867
3180
7374
1234
3592
9804
6604
8383
7972
552
3527
2578
1960
5490
432
4081
26
9393
3384
9993
2885
2289
6153
296
1683
311
8295
8993
9863
3073
127
2510
9813
4163
231
1128
8905
729
5670
6927
3543
6656
1132
3503
439
1376
859
8544
1491
2948
6407
223
2379
9720
4028
2359
5243
9659
7789
1285
2676
173
8407
9452
3677
4155
3239
6932
2162
9897
9841
2222
5172
3486
4096
7952
1025
2373
4037
5517
7291
7882
2160
4956
4719
2650
2296
2930
6003
6162
1921
2126
7638
7902
7151
2
9014
2965
5609
3449
5372
9417
1879
8614
277
164
1272
1945
8863
4659
324
9299
5254
7359
6575
4886
6292
543
5971
750
8997
8830
3519
528
997
1531
1726
8281
1620
6829
1764
4362
6265
8716
4338
5481
8234
3593
763
5374
299
8489
9918
5849
2907
6968
3401
5350
7198
1964
9494
3637
8737
7025
6326
6710
2256
8748
6041
5676
8583
3535
4672
6892
2402
1232
6955
8448
3551
6715
1379
9789
5115
8001
8380
7138
8785
6104
3785
7244
1615
7521
372
5954
8644
4957
2705
6123
2663
5720
4313
1448
5829
50
1678
8958
7792
3603
6545
3110
1541
9263
6590
8676
1272
3532
4647
7986
6221
1840
8351
423
655
5304
5324
8584
2967
8694
3848
5987
6197
5660
5331
5818
8176
2651
2833
8833
1994
7356
9392
1254
6497
1011
982
248
2139
6436
1554
5415
9651
5309
1783
9616
7731
8824
8924
1398
1211
5654
2475
4324
3054
9889
9227
5568
1879
9545
1722
7301
1738
3097
6142
9579
2364
7526
9214
2719
6233
6395
8848
492
3412
577
9901
2832
6415
7454
4739
8228
5057
6616
8046
1490
5632
1404
6744
2135
9678
6003
8797
2322
5029
7199
9196
917
5917
8422
7470
2096
9458
1234
8706
2674
3037
6024
9245
2265
801
9365
8975
4334
7788
216
4459
4209
7021
938
999
2209
8351
1981
7204
6181
7764
992
2602
7950
2428
8109
7416
2456
9835
9237
3756
6655
9058
8217
9152
7709
8365
6969
6621
6379
6212
9952
261
2109
1984
5528
1757
824
8758
2252
1118
5152
2838
2454
4447
9438
3846
9047
2654
8730
4742
3960
7590
1709
3303
8288
6340
2458
5325
4858
88
4897
5087
3684
1348
6748
449
9578
2194
6958
8394
9028
6567
1655
1759
401
1753
8932
9469
7498
7677
1991
651
1545
7785
3542
7694
814
1982
1722
4506
241
352
9264
4042
5639
6176
3155
3491
8423
8166
1626
6436
7092
4766
8915
8760
1171
7864
6000
9115
1777
9328
7230
5363
536
1418
8629
5550
5190
1292
3530
5700
5886
600
5168
7005
909
3459
3858
1820
4395
9976
8479
1291
1422
7948
8117
7405
7821
2343
9945
8799
3004
748
3646
2743
4194
3085
1067
5379
9508
5601
2139
8524
5558
2370
4583
4123
2455
2381
5419
6767
5385
6643
6894
645
7317
7688
8069
9707
1809
3362
6028
8909
8358
7836
7424
9961
5308
5420
1916
7183
6931
6941
3944
7788
1959
4193
8237
6188
609
5297
7469
3771
5909
2669
7578
4014
3026
5742
7356
7735
7191
2598
4186
4873
6824
8204
7021
7222
3513
2109
1049
1254
4576
5120
5887
1349
7169
2736
581
1560
5076
2937
4237
8366
676
7304
655
7791
4876
7370
8999
7727
7304
2621
254
337
7453
2629
949
7
5103
3411
1494
9472
4886
7308
6360
478
5580
6447
7265
5593
9436
2116
8588
4664
643
6319
6266
2794
4896
7167
7616
6700
3959
6789
9687
2841
104
9013
8057
3808
5345
4172
6281
9107
9508
112
8618
2716
9344
1693
5103
2553
8145
5933
8551
6345
1591
6268
7668
4318
944
7397
9078
1564
9129
1642
3779
1989
8705
8832
315
1364
3295
4347
7787
9114
5669
4157
6687
7243
6305
1409
4548
49
6038
6483
6357
141
5179
1259
6822
4680
9337
8820
2666
729
9141
1792
8382
123
6998
6096
8098
2397
9111
2015
9583
8936
5057
1170
3770
2732
441
6233
4660
5952
331
55
9971
1823
2517
2221
2494
8271
9976
4023
5733
8222
1361
7316
5131
5499
6798
8801
7967
5851
3867
8895
781
9798
5192
3555
3157
7712
4805
8154
578
7822
5120
4841
7122
4690
224
8669
851
9102
3974
3247
856
292
3386
3651
5164
7960
8737
2888
2954
4623
1869
8367
2875
8510
3310
6476
1631
3432
6962
6654
3490
4828
8389
1142
1841
550
8996
2976
8553
856
3779
2724
5502
4528
4736
3982
5337
7110
5522
8694
5345
2804
5471
5989
9090
3764
2732
2436
5379
9221
6931
7346
3105
2175
1507
4070
3489
3210
4670
7138
8352
9433
5806
5500
4181
1464
1038
4140
6952
2986
7685
9906
1964
5415
2384
2510
6229
4932
1748
8360
8398
349
7623
3125
2622
8028
1230
8755
8296
4463
1789
2041
7187
8002
5564
4768
3104
8694
719
9991
6974
9235
1833
5024
1952
640
5495
9395
9016
3368
4989
5167
3405
8386
7777
7802
6202
2933
4206
8050
3390
2569
9662
9229
6778
4551
5276
9701
7344
7483
4195
7328
1753
8784
1405
1305
7057
4566
5181
6837
6943
6202
7307
9862
5243
4070
7409
2252
8938
1743
3976
2734
3332
3250
935
5174
6724
1930
4017
3775
494
1878
5561
4267
3242
2018
9918
1228
4411
8417
4122
4275
3613
2644
150
105
6792
2660
5739
3053
9325
8042
472
4223
9146
3168
2652
8041
98
405
329
5606
6821
319
6778
6137
7721
7451
6723
1443
1817
8293
4616
3417
8591
2779
442
1297
7375
1803
1642
3634
4233
1068
2026
9766
9859
5916
9820
6954
1541
2705
7357
2276
5931
9750
4366
2873
7018
4900
5254
4228
5530
7401
8394
3749
1747
8867
1954
6161
3666
1895
6579
7909
6376
5137
9865
157
6527
504
1470
3769
7861
1573
473
5166
9919
2232
8588
8909
2226
1161
3785
1444
542
798
8932
560
98
9143
9189
6816
3100
8938
41
6430
4282
1565
5119
9940
8772
2343
9230
7336
1125
9809
7402
8283
3037
4051
5148
5571
9925
8179
8675
991
3364
2623
6272
5454
7160
4114
3751
9364
9780
9907
7488
5019
4766
3097
8317
109
3815
6733
8381
270
4257
2827
848
9091
3842
7335
9372
5967
908
3726
126
5762
7310
5834
4327
9374
4790
5359
3229
967
2886
608
786
5919
7900
826
1394
3317
8008
4851
1424
8216
9134
3696
3626
1843
9862
4157
2900
2383
1392
4572
431
5097
278
4445
703
8111
7534
6828
2567
9425
7582
6038
1149
1434
4480
3616
2191
1582
870
2232
4148
1622
7180
695
6283
3409
4750
3157
2880
6174
6747
2160
4727
8740
5038
8263
9011
331
9469
8639
7947
5260
8425
3252
4578
67
6002
32
1456
6489
1614
9762
4189
9997
2464
7358
7227
1608
7944
8642
3652
157
7713
779
4250
3294
2010
123
3679
8085
3552
3379
3163
6293
5274
6718
9799
5170
7132
2758
2347
1897
8187
7160
2098
8689
7293
5024
5358
6034
6825
2206
937
3502
9122
8240
2081
1175
4550
5624
7273
9831
3465
4902
8498
4728
1697
6181
8705
6082
672
5522
2434
9141
8801
8965
4904
8146
309
7887
5187
1392
1375
6839
8533
9127
1116
9046
1404
2067
6732
5366
301
5949
7960
9627
2102
6727
5877
7026
9291
1773
5037
2523
8201
4745
5964
3023
2180
5685
7085
542
4471
3323
1334
3533
7497
3590
2873
70
6255
6879
3632
9689
3540
6760
7705
340
3868
4493
4026
3136
1100
6984
4219
351
2048
616
3016
1474
4606
9760
3221
8037
4334
6737
5859
403
7838
9478
8821
8726
4771
4198
4112
5903
2841
3044
4630
2487
1810
849
6289
2256
3157
875
266
2412
1792
6758
3160
4235
5032
6730
9939
8419
1898
6642
5686
4290
2707
306
7366
3644
4949
9243
6101
8031
6445
9056
3772
2979
938
6321
5152
3852
4409
8162
8243
5852
2669
6473
997
4992
2047
127
2177
7786
5406
1474
7779
4876
5086
7905
2105
7842
2893
5326
4380
9042
4802
8044
7622
1488
4636
8713
6353
9475
6669
2764
3712
982
1838
4067
6559
9680
6038
2420
9191
7832
1854
8928
2500
1295
6975
2314
5553
4403
3566
7799
864
5585
2881
269
2970
4243
8541
5191
2287
5621
49
3940
2697
3201
5381
5055
1841
7476
7761
9289
7640
5901
7113
4285
3256
1246
1084
4177
5360
4648
4043
515
7386
5232
4987
3519
250
336
6918
6864
7916
9092
905
4940
4154
7417
7805
8865
9834
4277
9397
6386
7194
7528
8559
1249
8666
2598
5024
9632
3035
8807
9265
4781
981
6209
2073
6128
5385
513
1534
5858
9178
4856
2272
4138
4948
4978
4045
4047
6062
8696
8125
8606
8619
1496
199
5267
7213
7510
7992
7702
5163
9196
286
812
1667
9632
1555
2494
4137
8478
3043
4903
3893
6412
6807
8683
7315
3086
3966
5972
2608
540
2180
1855
4381
7381
297
9370
4407
9036
9962
195
7128
5889
5032
1689
2729
4246
9631
1097
8947
4691
4852
9409
5173
8649
2228
634
8842
6730
9362
7042
4656
1801
9421
7316
1735
5601
1503
2493
2438
239
3379
4086
9332
4894
1543
9812
3504
3663
6087
5015
8286
2665
9510
2048
7329
3206
9249
5611
4928
3105
3464
9394
9517
140
8395
8216
8326
9963
3480
313
2340
5802
7341
6420
5919
8822
3736
5853
4663
6091
1620
4943
8495
7767
7574
9832
4280
6338
2026
3929
3764
8535
2934
102
8166
4877
1899
9097
281
2717
8028
8575
8646
6139
4294
1697
5991
69
9650
217
5992
6579
7647
4710
8137
8513
8995
3696
460
9270
1092
4246
3796
7901
2375
8887
9272
5472
3049
7580
2807
2100
6712
8923
6543
4006
9219
1767
7334
6480
2198
6992
6678
1748
8621
9295
4837
373
6986
576
4230
1067
8800
9705
3703
6560
1326
8319
5737
2514
3840
8634
3286
2385
993
7228
1539
3612
1323
8226
2632
9532
2423
405
8093
7029
6846
5350
4631
2064
4409
7988
3780
3987
7256
6574
4859
4774
3770
6521
3722
1210
6212
1343
6870
6434
4850
4424
1612
2233
8225
7302
8197
5001
5246
3778
9075
6397
9790
4210
3812
4353
2642
1112
5543
1349
8766
5392
6311
4629
130
2378
4185
7366
5616
8176
4577
744
9906
9830
1875
4320
2650
7254
5179
6140
7721
985
3709
4612
9901
7416
3274
1352
2964
2368
5098
7891
8772
4609
2249
9461
1777
3239
6915
5878
7077
6751
3888
2993
3063
6987
1728
8113
1617
8258
3296
9349
9784
401
1617
1952
6922
4731
5356
4321
427
3499
584
2632
1291
6729
1971
5781
8028
5124
7059
1715
3757
4103
1841
2096
6620
1986
4522
4749
8126
4808
7048
2354
7507
1364
736
1449
2704
4657
3195
7964
235
149
8604
4230
6854
6954
2361
7696
5647
5425
4164
3406
8023
3456
628
745
903
4293
9715
9877
5351
600
4442
4877
8850
3126
2600
8628
8518
7453
2562
9227
6621
8943
2633
8852
2949
4326
2853
3835
852
8117
3701
9030
5009
3485
5689
467
9396
89
7529
7768
3326
5929
8211
1809
1912
6310
129
3740
4876
654
6215
8601
4221
7071
3929
527
6956
5366
2909
6773
3811
1459
1106
4696
8679
87
6310
9165
6360
8092
6109
7924
8137
7583
9534
8888
5682
6862
7907
6500
3840
7085
742
3916
1958
4363
4941
4008
1588
225
1982
4954
5649
8200
8308
5534
398
647
8716
1171
6969
7887
1182
4194
3612
1232
4259
870
3295
2510
4968
3326
3838
5383
5905
6644
9409
7870
5212
141
2834
1316
1992
7112
7946
8286
2766
9181
9987
806
1670
9796
9928
764
8214
6381
5508
6322
1621
2202
7778
1718
77
7069
6979
3011
6489
693
5692
8948
9796
3715
392
4466
2295
9201
4742
4062
8998
1765
9295
3729
4567
2372
2606
3039
7068
4355
8200
3468
5463
198
308
5139
9516
9255
8867
1777
6648
3712
836
2835
157
3834
613
2552
7155
3815
7037
7977
2619
6393
8260
1873
8026
7812
8664
1890
9166
4666
3874
4346
7961
712
960
9572
7364
4820
916
5853
6745
884
9660
728
7585
6770
1940
1648
5711
2111
9793
2794
6871
4137
3475
1253
6995
6646
8174
3682
7142
9651
4215
4088
5839
6312
1959
4417
8283
9343
5163
2289
2705
1228
8150
4371
9099
1331
2846
9664
4452
8234
1438
4289
1655
7520
9250
8210
6335
3581
256
4804
7001
9050
4594
6168
9091
6952
3435
629
2799
8788
1583
4035
7856
6398
2338
3127
5857
6715
2274
7490
2185
6244
5866
6459
5069
6504
1181
8679
8927
2543
8197
4992
2781
4114
761
9804
2205
3150
1671
2173
5089
1735
7907
5455
7275
1981
9676
3564
4065
2880
2577
2641
7508
9533
6938
9229
7436
6973
2208
9959
6259
4227
7082
3163
3708
4220
8032
9842
7881
1656
9858
9982
3258
4120
1929
345
4638
1294
2914
1533
8384
3399
4956
5395
8778
2755
5488
8651
7841
1722
1186
4974
1527
6150
3920
5746
3855
5978
2980
9154
3252
3632
1347
8409
2127
6469
6327
2453
1559
1687
6475
6744
7838
821
7403
7440
6583
6247
8820
9617
3164
3943
3946
9049
5228
5193
272
7507
4301
4845
7622
3528
8604
5321
5397
4182
8515
3636
5977
8494
9440
3337
5339
9855
4223
4538
5135
3013
8714
2952
2714
1057
9608
3212
6858
9170
3255
2655
7375
4886
7786
9234
6112
9062
8598
1225
5432
7861
9024
7038
7762
3670
3819
552
6409
2044
3017
1141
3539
2545
7633
7846
5925
3648
6740
3971
2900
5756
7498
1801
3773
1821
5874
7130
3928
2055
5991
9774
9791
7793
315
9393
2893
9685
1208
5565
2399
7092
6782
7283
3606
8802
445
9860
7186
20
4019
6521
217
6927
8933
7909
5439
8081
8608
5196
9563
1401
7857
1503
4978
6563
1903
1955
1718
5264
8446
4835
8201
5964
1081
5041
9877
5529
1371
6302
4713
7456
9829
502
3193
5268
3220
819
8408
97
6668
387
8712
3480
4302
9726
1416
9957
1429
4248
1043
9170
4541
7849
9772
3887
2880
9777
876
8591
6714
9784
8200
3104
3017
886
6004
7100
8803
9984
3898
4289
6033
4062
964
9555
9696
3708
1700
8408
2449
6309
3938
5722
5017
8412
5501
9934
1455
498
2054
9618
2334
7644
3328
1674
6921
6456
8696
4244
7499
2018
5942
2898
5133
8594
8990
5657
6382
4342
1347
958
4718
3417
2059
2813
8761
8457
93
9098
1807
2720
1224
2143
3617
3870
8763
5652
5906
797
5739
8294
7597
743
1511
2318
4512
6480
233
4984
903
2318
2047
1709
6969
3335
459
2428
7363
4335
944
6877
564
3827
6506
252
7943
3525
5660
7997
4394
5782
7095
7378
9454
9740
3144
3921
8987
1956
1098
2792
2723
8801
7418
8782
2199
6042
4900
3657
6971
5618
7015
6353
4392
933
6762
9718
9662
9669
9661
7352
8403
7558
1785
5433
3591
7398
4071
7392
2300
5105
3640
3786
5446
8604
1256
5767
5452
5972
1676
8221
2627
6397
216
7771
904
1244
4538
1651
7562
2785
5404
5746
9575
5029
3947
3964
1286
4458
5846
6557
4283
8470
4755
2012
534
5858
8288
5683
4102
6749
9915
8482
5120
9081
9273
619
2063
4917
1501
8634
4839
2700
3518
8799
1712
849
1409
6319
7673
4071
8467
7712
514
6165
7869
3254
3534
2193
7421
7428
636
8427
6406
7963
327
694
6116
8210
99
426
6383
3371
1569
3011
129
8429
9806
4902
6746
4454
7336
4337
3010
456
4471
5487
7125
9922
2795
7406
7501
4740
7938
7217
2905
4368
1063
1678
4746
4760
5908
2418
5414
9829
9676
8009
8860
8055
1577
292
849
8197
2405
3361
6749
1017
2197
1026
4077
8446
686
2635
5554
7647
7070
7736
5952
5096
1422
7186
2618
4969
9967
2078
5267
6875
408
2100
5334
305
1502
1827
8986
7023
3151
6798
788
8088
9456
1275
6876
9171
7324
6039
7550
6425
7558
7734
9185
5260
3626
889
4516
6101
5738
9988
8495
4427
4303
1735
4175
7216
7350
7008
9371
4314
1083
7904
186
1149
1386
7746
1961
8745
6786
962
1644
8052
173
5331
8158
8205
7370
1264
8932
2565
5580
1490
1468
2088
3662
9825
8513
2945
9217
9514
4223
4133
4543
82
6584
1304
4665
6578
8248
5015
5838
6616
3938
5163
2216
8760
7649
8527
1667
403
6938
2992
9152
4549
4821
297
7517
2673
1981
8969
1054
5186
3334
485
6802
1935
3334
4611
2164
2648
3819
4418
5150
1249
6724
7505
5300
8595
1479
7586
9194
5305
3569
9820
4327
107
6381
3963
9106
9392
3220
1795
4705
517
135
9092
6654
4810
3120
7905
109
6183
5112
1876
3018
7822
9243
5894
5633
2495
4828
1529
3138
1680
1695
1368
597
4954
6619
8616
5840
3832
2881
3160
6440
3638
255
1653
1516
2852
8094
7137
7733
1873
8612
3185
1587
2181
931
8666
6802
2432
9043
1802
6542
244
8402
6422
4980
7083
6580
9043
1777
9005
3127
2739
5985
7802
2589
2619
3018
5547
2495
8196
9443
481
5035
9909
5568
3731
7177
636
5057
4436
8959
8174
4149
5516
3866
1311
431
3552
8327
434
2588
4003
9633
3351
8056
7370
2865
8454
5103
2776
7778
247
9470
2951
6025
6774
3461
8611
7569
4553
7092
824
2709
4248
6751
7126
2730
9491
6750
848
7879
2024
3032
3430
6090
8661
6397
6302
9701
9406
4621
2362
246
1554
9032
7027
3338
1559
1278
5367
6651
5050
328
4942
4041
5485
8031
3602
7984
3618
3987
7747
652
3234
6926
9318
1206
3388
306
9137
3177
3776
4427
117
1169
7814
5990
6357
534
7489
8757
3126
7171
5107
5701
8397
7132
9716
3911
8677
7339
137
8354
672
9398
2317
9612
5556
8210
6008
3673
4485
5897
4681
8970
2395
9417
2988
7010
2107
7165
8129
8089
2270
5837
4998
2940
796
3901
162
4396
87
2103
6356
632
1562
4641
7495
2935
4813
6849
3960
6511
1009
6549
9325
2399
1135
6583
2626
2213
7075
5464
4772
5137
7608
1564
3753
8350
1982
3826
952
7922
864
8563
27
7078
8225
7622
609
2706
7958
7895
1351
8992
5915
5977
767
9148
1416
4615
9704
2344
2297
9538
6339
3155
4054
6231
3109
5100
6768
6256
5141
8200
3143
1856
1429
2834
7204
5734
3254
8676
5991
146
9162
7976
5934
5741
2185
7040
1501
5935
2946
8422
6164
7053
1763
9010
4796
7929
3964
6003
2176
5227
5224
3563
4455
2350
7944
7836
9138
464
5428
7009
4458
9926
7950
6048
814
9181
3649
2880
5389
6076
7663
3900
6027
3427
4890
1902
1973
6714
5338
8798
7175
6775
6160
8808
6527
4520
1140
5221
6622
7833
6671
5248
384
3086
3058
3049
9300
4984
1384
547
7861
8799
9077
9325
2316
8516
1864
4587
9848
2861
5821
3936
4910
8753
882
9549
6584
8324
6351
2235
4570
1331
9706
9789
1690
9512
2315
110
7625
3245
9537
1596
2032
3726
8151
9496
5143
5807
1026
7095
482
7615
7534
4861
7447
3143
8321
9055
1142
3081
4754
3644
3073
7363
6587
5852
9118
120
6244
6185
495
4036
4450
8348
9399
6468
9923
3122
3421
4104
5302
2951
1906
6440
2578
795
3003
870
3919
7600
2312
3845
7953
7639
2766
3182
7337
9949
659
6361
766
7084
4574
8467
1422
9492
2385
1245
4333
4977
6469
1722
7097
7897
8800
4775
1996
2021
5688
9119
2651
4307
6598
289
5057
4244
2683
7333
1092
4857
8472
2225
2408
7007
4473
2251
3981
8173
9397
6022
9554
564
8129
3172
5689
1113
5658
6283
7223
7664
7734
1149
4538
1496
6192
8073
2261
6226
623
2592
9745
7087
8309
8738
6003
2577
1233
1769
5647
2594
2366
128
7821
3267
3371
8351
7121
8935
2472
3607
4042
5977
4238
8606
2666
1526
2779
2729
4924
2505
6010
1401
4084
6856
1440
969
4897
9371
3315
2636
4202
9110
6801
4388
3764
4016
7412
4235
6589
1079
2898
1616
9041
7121
395
6337
3707
6144
3830
6031
2151
4057
5251
3815
2442
559
9078
7528
3658
958
83
762
8461
7820
4336
3748
5235
3438
7319
9065
3345
9359
4932
3162
8566
8454
1236
9706
933
8330
1404
4878
3875
2327
9605
7934
1831
5736
9299
2570
3276
427
7792
5919
7531
670
7781
2402
6639
6520
6128
9036
8077
8910
4089
7329
178
2306
3862
4409
9732
6641
3445
2666
432
135
5535
2848
1593
8545
6469
297
8868
4423
8074
7804
2589
2041
8666
1418
4765
9767
9448
7490
2811
1907
9066
187
6604
6269
2182
8787
5631
2058
7585
3169
4646
5083
7576
4072
9536
3733
3166
1960
9889
9680
8926
4605
1139
1851
7295
8870
7114
858
4580
6604
3300
3786
9928
8043
2199
5979
4151
8641
4809
7333
7436
6913
6404
5466
3696
1490
580
7107
4606
5360
2830
2054
8192
4064
3790
1145
5291
2456
2733
805
2122
1577
3916
1965
8773
3192
1894
394
1502
4545
7116
8831
1395
55
9741
8679
3153
9789
7898
501
5563
6849
6428
8056
9554
7044
3514
198
649
4633
5541
8613
84
7321
5044
7066
2908
2170
2655
9586
1986
1664
1593
881
3941
5758
2419
2125
6860
1406
6559
9253
9797
5836
9367
8885
1016
3588
7421
9101
5280
242
160
8435
496
7654
2975
6633
527
6508
7440
5016
4106
2065
4484
2615
9431
8069
8005
6624
245
1959
9673
2171
1977
1784
488
6961
5890
1489
1022
866
5063
6631
246
9233
8525
6981
2295
1354
8879
5978
1646
2321
4355
9533
9758
7322
8402
8297
451
2318
8612
8192
7029
4003
2102
3716
1489
4960
6284
7355
5000
7017
2394
6288
9320
6935
4080
4495
783
3783
4944
4353
2075
6598
6953
6884
2128
4284
6370
3888
1177
7085
5005
8414
6241
412
2427
2214
2134
7345
9088
165
4473
5685
1231
1962
4095
9093
5927
854
6800
9560
8608
7652
8379
186
6080
5782
2563
3131
5126
9803
8650
7442
565
5434
6390
5445
6888
3924
7956
4402
4458
7345
766
2206
4649
4294
311
2042
8298
7382
9181
1128
8337
4895
7023
2948
616
9053
6309
680
6538
2395
462
1955
7395
2008
4165
1499
3023
8554
463
8767
6804
3324
5677
2217
4884
1944
1058
557
7
7748
9629
3960
9349
1355
7734
5056
1374
5497
3407
285
8848
5785
7911
7149
3919
8771
2507
1801
6398
8379
9842
4469
8278
602
8245
7250
5883
4214
7613
12
6054
2165
7610
5276
4288
4310
2460
2274
839
7203
1709
3679
5470
742
3084
5912
2744
4683
1752
5371
7530
242
165
8453
4759
3312
4016
2826
8354
6181
2765
1040
1745
4071
7741
5264
6399
1294
6823
3741
5403
9367
2399
5323
6292
6054
8433
8409
1023
9961
3272
4493
1310
57
7095
4620
4335
3289
6810
9057
7312
6318
6650
6687
9294
9327
9685
801
5201
850
4078
2252
104
2603
8003
9251
1472
2412
8856
5483
3314
1525
5620
4692
8928
9808
8087
359
8299
8630
2995
3734
2132
6624
5077
2073
6942
7897
543
1673
4662
5780
1560
7047
5856
7756
2917
8413
7737
8781
6280
4572
6943
937
3169
7198
2297
7055
5100
5578
4625
4761
8245
7929
9096
5253
357
6551
564
8045
9748
9299
3870
8901
9648
9087
9192
3223
6415
6523
7183
1282
6738
8107
9862
4834
7257
3920
978
6932
9795
4239
3961
7998
6815
4086
6438
1634
4640
8364
7784
3021
6455
7945
212
1291
3215
8842
4496
4760
8172
2407
8575
4564
9950
4430
1016
7876
9831
4916
1598
6652
1244
8391
8115
1617
3305
6621
1901
4106
5737
1800
4581
253
9435
8453
5042
3047
5582
6572
8744
7800
6280
6844
1142
5684
1402
1196
3199
8180
9587
8364
9783
2508
6134
4701
1036
4415
6930
5013
2777
41
5455
6858
4405
3031
9470
4455
1858
6534
4979
5113
8735
2270
7768
1914
878
486
6930
1282
8420
5259
611
3031
4572
9374
1475
3493
2307
1773
8283
9405
8462
8469
426
1398
9787
4704
4239
1097
6975
2135
3494
5156
828
9898
1614
2843
9343
2471
9793
1197
5759
467
3526
3247
5349
2707
9797
273
3126
9223
8609
8695
5503
5211
5436
5804
6449
5363
5717
6259
2701
6508
8531
3034
3184
4036
4268
2351
4958
4182
262
1991
1733
9932
9134
6373
1263
3052
6866
9770
4797
8514
1567
1133
5145
499
9257
142
9916
1034
67
4276
3006
3334
6765
1004
495
1969
7666
7495
6805
1075
7693
2659
3154
10000
4554
2773
3152
3039
1881
2463
9713
6171
7501
7420
3383
9108
2974
3816
4630
5367
28
2158
1701
6569
595
27
1226
9731
9753
9015
928
7899
5109
6053
2495
5171
1868
8282
7965
6889
180
3620
4842
4565
207
6298
3509
2981
819
7727
5557
3823
9812
8311
3108
6199
7102
5057
7347
9420
7491
3181
9130
7572
6281
7290
5744
8542
9267
9182
5693
2415
8450
4825
7716
5474
6197
2650
1160
6354
3498
8932
2301
368
2494
3757
5238
6487
9504
2820
6573
9010
2387
6139
269
2559
5308
4656
2772
4742
4684
9667
8783
5522
2428
8018
4916
6150
6475
8096
1869
3388
4022
7803
5714
6657
9907
5857
5459
6733
1106
2099
7097
4669
8503
754
4065
8746
8697
3021
192
5378
1948
1819
4068
7211
7104
2020
3058
7879
793
4085
1113
8292
6040
7682
7009
3730
5031
4530
8674
4515
1763
6517
4829
5573
2978
5959
7388
1820
9943
9741
6718
6966
9416
8074
7192
3080
9433
1574
2280
7052
4428
7493
6859
7950
4661
7043
9370
6194
6889
972
7996
1450
6829
9818
3132
1216
9044
8598
3068
6146
6608
3071
1032
1379
1125
6195
9528
5327
3533
8874
2227
8724
7448
8719
4620
7051
9795
4147
2063
8918
7940
8881
7917
1444
8614
3655
5055
1230
1543
7773
1183
6142
9901
3070
2139
8780
427
6743
7606
7252
8395
7601
538
2681
6473
2281
4994
5711
1974
4203
7048
6220
3968
8174
9986
1439
340
7867
8074
7696
4946
1692
2868
157
6762
5008
2232
3064
6136
3047
5038
256
8084
9450
3835
2004
8953
9909
3722
9605
686
9022
8092
3559
6476
1209
982
4672
2593
3268
1327
9961
3867
7008
6605
6846
4436
5280
2052
9799
1169
3674
6937
3347
4450
3173
1205
4133
9925
6145
4231
2592
5206
9183
2377
1720
7580
1506
3585
6422
2284
6926
5347
1950
6087
672
7028
4053
7559
9809
8751
6662
3688
7402
6845
5139
2325
6102
188
4432
1289
6434
2686
1840
7925
8680
4612
3507
7400
4968
9553
2265
4097
9950
4304
1982
8067
4275
6219
179
7733
4956
6250
6381
746
689
6155
8356
7236
8190
5264
2253
3572
7725
5535
5455
177
2092
3649
2931
3956
3599
5397
8823
4449
7768
734
5082
2965
894
7508
8067
5610
928
8105
2173
4424
7641
6036
6832
5604
8541
8840
9500
194
1559
9564
2610
575
4232
1587
6903
5553
1728
549
7017
7944
2917
2785
7801
1155
4440
1771
1375
5468
7685
2864
5686
479
2491
1855
5015
7452
4441
4733
1696
4238
9676
4439
6167
5835
2310
5387
9415
5682
4730
8043
7822
6327
319
3943
5524
3247
1498
6228
3451
2297
3351
1931
7434
9482
4560
104
9968
1611
2896
4161
1544
7718
2097
7759
7808
4112
591
987
8239
409
244
7682
514
9939
5071
5276
2288
5601
5681
5743
8716
1373
5121
9926
9742
465
5733
7819
5870
3423
4662
4226
4993
3344
7733
2605
5658
826
7551
9906
4111
8264
1894
1718
3427
1673
2721
167
3096
8345
4467
6626
6536
341
2667
7547
2179
7059
431
4508
1019
4946
780
8900
9804
8793
7471
7587
4419
6993
5536
8359
2422
2642
5511
3021
7199
3430
2059
1551
8732
5893
8552
2924
7601
3795
4050
6930
9505
6140
8076
6574
7335
7660
1606
2515
6612
3472
9774
9392
7988
54
2922
8870
7406
6686
7854
5758
529
5071
393
1651
3073
9966
3691
5228
2799
359
4124
9514
2102
8972
8068
4237
2358
7675
8349
5743
2491
7792
8776
7836
4590
7209
8771
4382
8831
689
7831
8558
8428
5877
1339
4213
2906
5103
5046
1966
4598
2265
5449
6398
8922
4846
7251
960
3756
3428
7098
4091
7019
4927
4879
3411
4405
1242
9990
4865
1191
1977
216
198
2969
8498
5098
9247
243
6685
4031
3206
920
7432
1694
1203
2919
7224
9886
5372
6322
5896
5364
8880
842
5091
7846
7334
9690
8856
991
6434
5388
7310
1874
7765
6541
5413
1242
259
7131
1447
7658
6950
1518
4052
3551
5436
8994
2385
123
5690
1478
1299
1103
732
6741
2299
2397
4096
7412
1497
5843
2952
2929
7769
481
7339
7598
7882
3999
3986
2971
500
381
7938
6852
7662
7136
6351
4432
563
6968
6647
9275
6303
4257
5563
3192
3635
6308
6508
4371
8692
2940
151
2611
6153
5741
7160
8916
7403
32
2639
4332
4846
8444
8945
9468
732
4905
7305
1840
9592
1755
8911
2900
5726
785
3059
432
1025
1004
3257
4829
3872
2151
2234
9714
6866
3114
3306
8340
9666
8726
8631
7263
3398
6727
4578
7875
4738
9056
627
4589
1046
8121
1014
5670
2743
9192
7673
9026
5496
4654
8946
633
2705
4481
994
7685
8315
27
7867
2039
1010
4970
1822
2110
3495
8089
7577
2920
4748
7442
2975
4755
8886
4469
3771
542
1594
9570
2102
929
3952
7769
6651
3850
3926
4230
7418
2334
7799
4604
9616
257
7374
4440
9247
827
3919
5216
7611
6666
6498
1974
3198
3551
600
8945
7205
2110
2785
5125
3281
3051
8437
1296
2963
1885
2668
3649
5806
8518
8904
6881
7184
5562
5757
1380
7359
6796
417
4965
2583
3769
5973
9534
2695
4277
844
6906
9975
1109
793
6213
863
3321
7902
7215
5540
5113
6291
103
376
9334
1394
2528
4734
3606
8169
8889
6759
7135
3714
5212
2420
5356
1490
5380
8282
7749
7587
891
1294
1414
4276
6870
8209
9252
2477
1634
3158
7006
2709
5723
4380
7807
3604
9072
136
6366
8089
1703
9440
7518
32
4196
5381
5399
8272
9058
7549
248
754
3092
5355
9548
8773
3852
5875
9007
231
382
8255
6758
1229
9567
1710
1079
7332
4613
5640
7907
9418
1477
8516
9487
4110
2363
6847
9595
5536
2805
6721
3950
3365
326
8257
6677
1911
8160
7594
4959
6449
7112
1983
4413
5869
2279
1017
7100
5234
9048
1048
2625
7935
4570
464
265
4717
6717
627
6742
6065
2461
1022
9875
5183
1502
7426
3116
1109
9079
8768
9761
5392
3889
1757
8490
1199
3248
2313
3816
713
7794
9390
6004
5253
2324
9854
5072
2673
7661
2754
2615
8295
875
7536
3319
8852
7595
3540
5332
3787
708
7450
4906
4568
4289
1301
6116
665
262
6091
860
314
8003
5099
7866
5271
3854
6594
1942
1367
8344
7782
6345
889
3816
565
1796
8540
4116
4952
5440
65
997
7831
1794
1499
8996
3200
5643
7419
1670
4930
3737
8616
7286
4681
8124
3134
1327
5658
9033
9771
6506
7589
9292
9823
8378
9494
5480
1084
6082
4616
3213
7973
3274
6230
5295
2989
3895
3948
1786
7654
1041
7611
521
5624
4934
9891
5035
6682
7743
9327
4443
7961
8826
2672
6427
7961
3891
9151
139
9631
5487
9508
579
1154
285
9574
9814
6889
669
1496
3241
6426
4316
5725
1039
6664
5638
3408
5947
412
7224
1923
8525
5134
7766
5947
206
7138
5327
2668
2580
9783
1274
2552
8621
9069
722
6390
7857
6370
9894
5301
2816
5994
9474
2785
8560
4771
5708
7006
557
1927
7793
7049
8703
123
917
9049
6948
2740
9209
6843
8584
8233
1803
7041
7087
9703
8260
289
1093
6685
6638
8874
60
6640
8687
5838
3990
5585
1798
2232
6659
893
6658
7321
6783
4418
2844
1130
5709
782
2020
10000
3351
3917
9824
3567
6381
4768
3086
5951
3920
4438
8551
4833
6384
8
2974
9577
2553
4745
2122
3573
8398
497
7996
6605
8770
7681
9434
158
9664
7490
1110
2353
4432
1648
9947
9436
2076
7411
5938
7614
9527
9355
6465
2445
2693
4927
9368
2950
2989
7777
178
4138
7022
1397
3237
4756
7181
5767
4737
6714
9980
1381
8104
8865
7174
8263
8612
600
1908
2418
4632
58
8463
8546
7489
7681
9512
5746
566
8276
9238
2490
966
3827
4131
8181
3843
4853
5860
1237
319
294
2196
7843
4814
4608
2658
1266
6562
6074
5280
8919
3099
2096
9697
3279
602
5762
9612
3160
7091
2849
4631
3866
9713
4
7433
8321
6597
2935
7293
6378
7099
8106
5095
6213
1639
2630
8138
9968
3809
4866
5267
5590
2918
2551
4185
8242
4754
6207
3135
7546
1951
3057
8580
1457
3088
674
8994
3628
1382
237
2422
8721
9702
6369
2089
9360
8483
4309
9981
9132
7110
5397
3113
8364
7349
8752
934
3312
9457
385
5226
4784
7795
986
5766
9273
2926
155
5988
4206
1466
7925
2961
9058
3302
4113
5086
5764
8155
2220
9106
5113
9936
7425
5238
632
7862
7516
5565
7825
7880
1560
6157
4598
6573
3539
7832
8176
2450
7252
3955
4909
6284
4338
6205
1961
2967
9474
876
4095
2285
5495
8924
4505
4941
6471
2736
5949
3179
8634
1381
7341
2451
7442
3952
1375
1690
4042
7566
773
4989
5932
2544
4294
6724
4717
2352
8794
5505
8498
2
295
9723
7681
5775
5277
8933
740
3379
3239
799
859
2926
2912
2947
5237
9517
7506
2673
6355
5597
8810
5200
8495
3775
6079
2906
3446
4313
3239
3809
6438
8140
7155
7455
7106
1874
422
347
547
6117
4500
1035
389
2055
2851
7090
9193
4267
9207
2319
1487
9582
3061
2787
1251
2781
3093
4469
8787
25
9308
3706
1549
9974
6401
4008
9737
741
4096
9214
240
8084
5010
3545
1858
6495
6999
3645
651
252
4852
6360
6706
5893
5724
8725
2693
1068
3739
3351
117
7271
1861
3300
1394
5575
3268
5358
4545
5150
260
9632
2624
4095
6031
6370
1820
910
3490
8015
591
2781
5808
5620
7149
3811
5311
3977
4169
2264
940
9075
7663
989
9625
4816
1636
9276
3580
3340
1360
7559
3827
4736
5885
8651
14
7462
4735
466
8022
338
4685
5556
9757
670
9932
2212
4043
720
3057
368
3602
6531
4738
3090
711
8950
7340
1052
3337
6552
1240
3059
4298
4171
3013
440
8306
8718
1455
6897
5625
6078
843
8292
6531
8990
767
8758
7740
6057
8441
507
563
6259
2481
4770
631
1712
6774
391
786
3770
9327
4807
1911
4058
3726
9341
1353
2516
212
7066
4925
9125
9263
6848
6441
4626
3067
1585
8217
8247
9281
2186
7051
7233
7089
1325
2819
3772
7703
2677
1010
9849
209
1966
6280
9471
8896
5920
1404
746
103
4032
4912
7392
4978
5851
1108
346
9562
3495
8173
5420
5089
5036
3640
2141
9554
9468
1641
2305
6191
8066
3001
4137
5784
147
7537
9402
7470
3440
7719
6345
7075
614
4213
904
2908
3828
6792
2304
6407
8643
8584
6801
9103
7075
7704
5174
7903
7140
7923
5340
7899
2859
9242
1380
5618
4347
9977
4237
5893
2358
4275
7325
2417
5453
2853
2402
5404
826
220
7190
9795
1728
8599
6426
3960
5449
7370
2305
1930
5826
6957
8600
1884
3383
7789
5129
9809
4390
8200
5721
38
7327
9964
3315
3739
1582
6525
432
2303
8544
6921
1895
5070
9681
7929
9367
9870
9694
7976
4073
434
5369
9029
4855
6898
2367
6850
3654
4346
2862
5751
9434
9621
6699
1309
4587
8463
7485
3359
4945
3472
2960
2052
5666
8332
5856
1742
454
5289
7480
1026
867
956
1287
2431
5760
185
7816
1865
8344
8974
5557
6268
9757
5132
4528
7658
3591
9807
664
3188
5390
3858
9455
3731
4766
557
6719
8052
5490
96
2869
5642
707
2013
4583
8978
6208
8783
4395
5085
4624
7550
4410
7117
7346
7257
5070
8897
8989
5273
3703
9315
1312
1039
441
8864
9629
4203
1036
7615
4975
1264
7062
2524
9530
7839
4062
2029
1168
3321
7296
7655
5355
909
2940
5541
9102
8798
9786
5650
2189
7633
2831
2785
5444
5270
5489
1476
4524
2321
1566
6323
329
1032
1655
399
3973
5616
1145
7002
5039
4318
8625
4189
6747
2223
4192
7302
641
9102
6843
1990
6376
8416
8991
9143
9309
2033
3956
3544
9705
168
9245
91
2607
7584
4388
4982
6654
5214
7184
4393
3489
981
6272
9857
6769
4863
1169
7818
1266
982
3119
637
8048
3890
1399
7714
1308
7086
111
8324
6077
9319
9881
2253
3725
8220
7400
427
3956
1424
3278
5293
7803
2505
5291
9959
6050
2759
9779
5813
1436
143
8699
667
1046
3554
3611
3361
7323
4010
761
6180
2350
4277
3339
3456
180
5028
7976
3284
6313
8698
2582
9404
1732
1873
1774
2008
1294
3265
4269
9454
2738
7102
3884
7718
3088
1123
2088
755
3807
4263
5380
2918
4699
1585
5236
4050
9265
3062
1804
8954
987
8383
5127
5561
831
2151
9235
309
1186
2515
5168
4997
355
1614
8688
6692
4805
8010
7259
1146
3383
9721
8737
614
8919
1436
1123
8982
7799
1011
8727
644
7358
8459
5132
4744
4314
5290
7477
3041
4799
3290
9726
7927
8043
9600
4841
6964
1271
9319
7086
1626
2938
7735
6017
944
5089
1786
3180
5185
3339
4379
989
819
4705
5774
819
5600
9393
3426
3978
1833
2503
5373
4850
6603
5594
2562
293
82
6038
2326
3130
6900
4220
8673
456
1012
4724
4964
9405
1479
7907
1151
3993
5163
2486
778
6727
2457
8124
2673
7761
3850
9375
8419
2548
8398
8811
9514
6212
9976
7668
7468
9112
3551
6933
5972
3463
1685
437
6786
5300
953
4206
9974
9551
9030
3124
4765
8528
5846
6757
9429
5776
6367
1105
7305
7866
8344
1981
1404
6492
5663
8767
1827
1982
6809
4334
8689
7246
8420
8096
8161
8064
5866
4344
828
1636
6400
7291
9607
339
5514
7579
9170
1774
3853
2403
2
9329
274
2839
8035
9748
6450
7518
5122
5479
9820
1325
6546
9944
4593
1484
9210
3282
5035
1055
8197
4632
1332
1690
9985
4537
5944
3259
7750
7685
7552
7910
7931
1877
462
43
7494
3822
9639
1713
8186
6198
5409
5054
7478
3248
7331
9452
5868
4112
3729
1416
6749
4090
1925
9338
8135
4075
4373
3695
5201
7497
7557
5608
8823
2310
3771
3147
8071
2785
736
5291
3962
2153
352
8005
7687
2532
5843
5585
9004
2977
6062
3070
9504
9977
6766
2349
1076
7298
1309
5359
2030
3626
7396
2720
2085
7221
2288
5066
2686
6438
6151
7362
982
3844
2142
3599
4187
9480
2246
352
6027
5753
9885
2949
8512
2429
3890
7218
352
5250
3546
3143
8021
5803
1112
4129
6657
3442
6475
7050
5810
2314
8406
3752
9358
7819
8258
4287
9854
7210
4900
5772
5001
8460
4178
8490
8022
10000
2233
2604
4263
1498
9686
4705
3528
2442
2838
3277
1377
978
8806
6155
2892
181
3840
1024
9266
2739
7927
2144
973
7904
4236
2566
1250
6450
8943
1359
162
420
5586
9614
2608
4439
8155
7314
3281
4523
8883
5579
7838
8450
9909
5212
2280
9040
2811
3022
1933
7943
6402
1970
7291
2932
1083
9818
6479
6096
7599
3671
3109
3841
9054
4582
3913
2120
7718
7197
2679
1965
2309
4329
5754
1032
7214
5300
9648
6633
2408
9896
3122
4512
1717
6880
4560
5482
7504
7134
375
8984
1869
6711
1762
8594
8007
4360
5176
9548
500
1382
6592
2505
9
9107
818
892
6089
714
4916
1442
1647
9642
9123
8833
3965
6404
9592
5685
122
9296
4727
8600
9179
2153
919
9436
9537
4095
4097
8506
7501
2048
658
3075
2292
6690
5065
132
3488
6439
1677
7188
9185
2127
5231
8665
7061
7078
7802
8242
5950
3428
32
9520
2546
5782
949
8305
6414
7511
3818
9869
6618
3366
5085
3679
4962
4459
9732
6224
4091
8115
9118
9839
3517
5633
6741
1703
3008
5545
3263
2554
724
8645
4608
9101
2972
3715
5965
7572
3537
9699
155
8417
3155
848
945
3768
3892
6306
621
9956
8945
4516
6448
7108
5686
5879
2429
6639
8670
4148
1249
5342
9732
8217
6204
1666
4338
1122
4499
5793
6894
2395
1342
150
2848
3192
8976
1119
2114
1044
5959
5864
6611
2513
9817
454
4490
7561
541
6734
5033
9026
3286
5783
1139
4228
6116
5201
793
3446
2676
5957
5016
1764
258
2100
7378
6625
882
3211
9390
3315
6758
5176
6803
4549
1742
9587
4179
8386
7277
5873
8978
709
4704
3130
1826
4729
5792
537
6652
121
9889
6245
2928
8684
9170
4651
2392
1755
3128
1104
4299
6995
9682
1250
6532
8609
3033
9469
4669
5600
7779
7138
7545
7213
4679
6840
5714
3401
5946
3043
8782
799
6969
3276
8610
1529
6967
6347
8016
2909
3242
5811
8812
1108
2402
7515
8746
690
7213
9816
4242
5024
9617
3867
4703
9641
8790
9204
4595
1710
8173
6817
1501
4066
6861
7861
1948
1452
8896
1211
1878
9984
8613
7182
5374
8230
1458
7907
3479
9770
7445
7098
4751
2590
8774
3221
617
272
4061
472
1462
3569
9052
1370
3965
8663
7801
3256
6190
169
8800
8557
4620
2791
7788
5274
6486
5397
2626
9813
1485
5284
5951
9043
9329
8368
8137
2246
3413
3159
6512
6481
6343
2491
6767
823
65
7207
8983
5912
1901
241
3853
5307
7922
7901
4274
4233
6782
7516
3773
9506
388
7089
5944
1639
2588
3104
8474
6442
3449
7226
1210
8779
4624
1253
209
5588
818
2415
8740
8729
3421
7857
1794
802
5013
7991
2833
8668
7610
3271
220
89
3320
7938
6044
8636
3331
7254
1933
822
83
1865
4816
7256
7885
4049
596
6566
9257
5819
5212
6807
7816
8119
669
4121
3692
3688
8287
2531
4114
3533
2606
1930
66
8450
7205
3546
9751
2511
8016
3480
935
5026
633
5266
7228
1151
5578
1829
7828
8991
9522
5696
6332
2824
1063
3888
1847
7916
6809
488
4810
2264
7247
5604
706
4581
2139
4146
7141
5845
2073
1655
3663
3818
6157
7261
9106
6067
5851
5814
8280
7262
1453
2152
8357
747
837
596
5468
2744
9728
1804
3672
9932
8996
7332
1755
7591
7241
9483
8094
6033
6287
293
222
7603
3122
8912
3655
5199
4268
1012
4057
5944
7617
7386
7870
424
2366
1415
9170
8726
9824
6713
4706
9412
6609
6921
4810
6522
7009
9370
5213
2692
3158
3117
3638
3592
55
9736
5523
10000
7450
2154
5194
9049
2131
2815
2397
5437
2273
7507
9207
6752
130
5301
9033
4402
600
8203
7690
3163
972
6393
6313
7814
1491
6184
7273
4940
7319
8228
7200
1636
9896
2907
5705
510
9789
8318
4468
2196
3667
3843
8989
2391
5226
8875
4470
322
3608
1973
8079
9522
3110
411
2126
9796
4884
3955
6591
1342
4665
9483
4848
8138
600
5057
3478
7902
1741
2986
5571
220
878
1514
7103
2739
5046
3850
7608
7730
3255
1430
9667
7796
3783
5557
6510
9977
2709
7858
3430
2129
1278
5325
6634
4065
2153
200
2668
8664
3660
8370
2607
4925
6696
2551
7828
5761
1167
8118
8394
8227
7509
117
798
2845
4149
9743
9149
1670
3606
7351
2764
1864
8331
6933
3553
2662
2364
3935
8590
8818
6421
4241
6844
2903
2104
7233
4153
2140
5616
9926
7209
2865
2544
2359
5604
7159
3091
6659
759
1692
1461
3490
1977
8436
4028
9971
2768
516
8365
2549
5108
4191
9272
6834
5376
9708
8516
3905
3295
9621
2164
9258
4450
3057
3103
6204
7655
8331
6641
274
797
4403
3900
4989
2624
3657
1157
2208
3429
4716
3223
2210
4532
4134
5509
9606
5072
135
2513
1292
4716
9859
126
1707
2607
3980
5357
8861
6100
9026
9902
1844
7662
8233
3269
6786
4703
6360
7135
3655
5014
2509
5054
653
8
7742
649
6483
9036
1011
3081
3314
641
7761
661
4852
849
492
2269
4640
4305
9452
1475
9406
1401
4722
124
1111
3421
7989
6563
9183
8150
3461
8632
1372
412
2581
3106
7616
5561
6468
1342
6398
9076
3335
5569
7140
2098
5533
1453
5391
1001
2333
379
9786
8916
45
9218
1044
8462
700
6266
3654
7949
4114
9502
309
7740
5900
7361
7631
9584
5737
2799
9296
9325
6032
8593
9256
2611
1035
5536
3445
3927
376
5477
3098
1666
9054
7984
6586
5754
7955
2851
9548
9836
5143
590
5043
7005
8358
9640
6381
6638
3421
2064
5397
8
1597
9213
8005
4062
1332
5022
7051
5965
6246
7400
9748
5875
1804
7524
3217
1737
7616
2748
7088
7877
1017
1316
6479
8624
241
6085
2198
9312
2286
99
7542
9577
1411
8949
2686
8120
9065
3647
8318
3792
5031
2969
9932
5234
2589
6093
2968
132
7543
4766
6871
5613
2154
9201
3039
3317
184
3429
7645
6203
8540
3950
5339
9336
4337
157
3974
3530
3594
6248
3654
9017
9220
2122
5642
6111
1478
5088
7977
1204
3689
5135
4989
9389
9581
3984
7351
9493
6394
2168
7769
3373
9617
8987
4975
8957
1065
7331
5288
5692
1904
9119
6702
1824
6166
7336
5168
5249
8343
7534
6561
3536
695
5059
661
4181
2093
4231
5435
3147
368
2240
852
8301
4462
3634
1535
4498
962
898
6676
8742
2013
2873
3784
7117
8064
5548
97
9978
9395
9067
1775
8292
4987
766
6358
1930
5908
6444
8400
252
3112
1190
1662
6342
6312
6613
3813
8920
1411
3520
1189
133
8881
7807
1840
3160
4414
2584
4817
916
6217
1425
2480
5984
370
6051
430
2370
6829
6677
6624
1650
3866
4855
7206
9678
7979
6673
1626
5107
9663
8892
3758
7714
2817
1759
8863
2722
7000
80
8517
7175
7299
8431
6906
5745
6125
7331
2233
6358
4900
4644
6452
446
1323
526
4983
8777
9636
4832
5634
1380
7180
3039
2571
9308
390
469
6844
6717
7353
4905
9693
4065
2067
4480
8715
7091
7605
1192
9756
1706
1566
329
9381
1899
7348
2632
3734
6346
9097
9111
9644
9516
6478
8116
2950
4795
7834
447
7207
348
6729
1090
3146
3304
7418
5526
5570
4190
9329
4433
9747
1508
9327
3103
3748
5818
3202
907
6696
3785
4603
1769
5437
5268
479
8710
3727
694
6957
4324
8754
1750
8573
4242
9483
5715
6757
2569
193
2631
580
6625
343
4974
3903
3328
8924
1448
8259
1068
7351
145
103
9040
71
1378
4350
634
6124
7236
3552
8724
8096
3131
3493
8478
7126
6438
1523
7639
3935
8692
3498
5149
6194
755
8884
6475
2001
4871
1229
7987
7681
3581
3037
3374
5703
3099
9853
2225
5124
7951
8300
4616
2601
4416
6732
5845
6806
2633
5229
2284
2838
1103
3679
2752
6090
2778
2896
9731
6981
8892
3878
1362
8917
5307
4621
8165
1903
6209
2191
8151
3357
1745
183
184
5829
9390
8135
8239
8569
3683
9991
8558
6199
5321
3267
7592
3088
8573
9254
1112
6467
5436
7250
3899
4796
6052
2632
4995
463
7532
9351
5701
7467
7481
2391
6179
5471
4339
4624
1838
1276
3901
5563
2503
7637
290
6553
5790
7143
106
8123
1075
5848
435
387
1976
7306
5016
6683
3364
2716
7952
3949
3587
6997
1057
727
3789
3791
9194
5165
4018
4608
7735
869
137
8654
7714
8068
6476
229
7104
1174
6627
9998
1227
1546
8824
4944
1322
6018
2932
9351
7933
7581
3245
5761
4990
4520
4995
565
1170
8239
2782
3564
7474
8038
5945
4702
3823
3181
9339
3969
2891
8744
7938
2453
6445
1927
197
3464
7973
9784
8251
2724
5537
7663
2630
5723
493
30
5435
8517
915
1818
8680
5467
3451
8935
3857
3746
3637
1193
4677
9762
2714
9494
7453
7111
8411
1888
2549
9131
8307
9823
6004
1675
6939
6780
2518
3374
2053
6358
9762
1263
1148
5826
9236
9463
6747
4197
740
7330
7742
935
5944
1409
4574
2567
1501
2417
8025
9667
3704
4472
4955
5948
4740
8843
9446
4531
5302
8607
4519
3852
9509
3749
7802
7121
5869
8524
4402
4762
2386
4140
1548
8859
4797
242
2558
2243
4409
8051
2164
2603
6032
6529
1288
3733
7110
478
7017
1874
6296
6097
2673
5018
3450
5188
3667
6955
3319
3948
7113
5907
1990
6068
7062
9640
8651
2748
2667
5104
5111
4121
3568
859
2124
7611
5382
4790
4605
8756
8275
7971
7525
9176
3316
7925
458
4503
4534
954
1569
2366
9444
3779
1147
6780
7157
9266
723
697
1145
9687
6262
2849
3237
3639
2963
8543
6465
9557
4791
6596
7030
9538
4033
6211
9845
2117
4871
8265
7834
1580
272
5238
2528
4425
3328
2775
2333
639
2580
3771
5314
8642
5845
2763
5323
7909
8600
4421
3876
2578
1046
4971
5294
2684
2677
9478
9336
7017
4347
1131
3787
3111
5671
860
9275
5332
9876
6955
9992
1665
9192
4688
6896
3394
1288
5385
4520
9621
1326
2866
8521
289
4795
2725
8798
7263
3424
6545
2121
2840
234
8786
9036
9102
24
8862
2074
9455
8484
4684
6201
5854
6478
6831
7854
1299
6070
4423
5958
7430
1350
4768
6826
1298
248
8886
5012
3714
3157
4141
3869
3997
422
3380
2796
2364
3531
7211
3001
1752
4187
2357
9960
5414
1355
4373
8710
5299
8835
7456
7599
8919
4965
7548
7191
9171
1635
7482
3661
2413
1966
4541
168
5004
4712
1470
5496
7430
8752
1717
6521
8217
2846
8463
9973
6848
4288
4907
9386
6087
5006
127
5122
9314
5231
902
8948
7712
2945
4853
9741
5514
1951
4436
3602
8892
2674
4459
9918
5526
7535
8027
4695
7413
7134
7148
3910
9047
4337
4569
2525
6760
888
2832
9323
2710
5142
5057
3814
8751
157
9467
9039
1294
8521
6316
3335
8114
4006
1532
4843
2045
441
6134
4886
4505
5023
4282
180
3888
6708
5670
9327
9980
290
9908
6005
5788
3303
1521
9849
2424
5982
4236
6153
1005
4190
2342
7185
7955
1400
5099
1192
6512
8662
7376
9962
7794
770
6020
2195
9331
2799
6816
7879
7628
3628
1323
8367
4038
2102
6338
7905
9955
7097
1327
5001
8212
4879
725
6211
2435
5901
8735
670
5061
8452
3939
1003
7751
8406
9870
5138
5009
2754
5543
3980
2969
9539
6866
1904
478
8387
5836
589
8941
3881
9478
1848
643
8713
4604
1788
2725
4768
7617
6905
5402
8044
858
2502
8545
7717
8256
5232
332
504
3437
4476
5303
8994
2837
1792
6877
6636
4880
3712
1137
2649
3816
818
4534
7322
3422
5191
8047
1835
1464
9096
4291
7080
517
78
2086
2735
4582
1508
5075
1323
3766
3090
7130
1908
1236
2785
7474
4633
7628
245
2737
396
8163
1914
1476
9634
6802
9671
9089
376
9977
8152
7503
8530
9656
671
4547
2721
1796
71
2478
1874
1603
8747
3802
6251
1449
1606
5197
1641
777
6779
7155
2023
9860
1535
7758
8182
924
5038
3910
8460
778
5333
2303
3120
8870
5255
5405
5654
3458
866
4841
2757
6456
6411
5685
9659
4444
1842
388
9077
9317
2472
313
82
7075
5491
6212
7897
7405
4741
6347
6817
9851
3398
2414
6250
4610
4041
8973
4218
7299
6950
1618
3559
7393
411
2817
3547
9456
1332
2021
3685
4787
510
8421
7009
8619
4526
565
7410
4672
5444
6926
9200
4480
242
5490
7425
3686
4180
8430
4283
1289
6256
16
402
670
270
2063
9718
3178
2065
1421
3209
6021
2063
8262
9857
6263
2330
2277
2846
1842
9114
6270
5241
8688
5043
3086
2173
271
9970
2357
5897
2202
5863
8087
5994
9858
9038
6779
9476
1447
2567
8490
4568
2402
2734
9973
7540
9549
6061
9892
4131
5097
7594
1004
5819
1176
6901
3127
6474
5397
5560
3768
6770
6677
8761
326
2174
8469
4123
8964
5239
3439
2798
423
4531
9616
1518
2330
561
3105
9360
880
3782
6560
9684
2167
917
5767
5984
4883
3676
8966
157
1648
8261
4786
3121
5768
4965
5085
615
3923
4645
8357
1542
2930
2886
7902
2259
531
3254
6463
7868
5987
8212
5676
725
6118
9983
4339
7166
6436
3929
4242
5728
4978
3863
6097
4060
8578
2120
980
7124
7422
7170
4616
6302
3956
8122
2805
7601
6479
8520
6367
7247
6075
1528
3085
4677
7946
4795
2269
6174
4651
6100
4863
7207
9277
191
8238
7912
1154
3170
255
4103
5347
3232
1539
5690
9905
5593
8425
5445
1565
5059
1596
3693
1474
1825
7001
8696
7375
4819
6371
8231
7647
2202
4332
5202
5630
466
7962
8992
9718
1978
2457
4684
5864
5809
3539
4322
4356
8199
3174
7904
1950
7111
268
6959
3823
9991
2088
219
7175
5071
5333
9191
9771
4317
8030
1196
2223
505
4711
8867
2412
1782
7711
8003
4076
4548
6818
206
9288
9560
8024
2759
6352
6690
9666
5866
417
1004
839
6542
4071
6480
2663
9193
9063
4016
7709
5255
8372
7205
6683
8120
9897
2746
4345