3033
551
2431
1535
2196
2962
3323
3203
1284
2595
3274
1636
4534
2607
3990
4600
2010
2871
4868
1488
1138
2339
2268
1307
4643
1160
588
3734
4762
1981
1674
4480
561
4982
1483
2418
4217
4651
4778
2829
3146
2983
115
3857
2935
3784
3296
1768
1157
1023
2984
4879
4249
728
2201
1086
3816
748
3965
4789
4930
806
3425
599
2205
1681
2473
3648
4686
2004
953
4515
2894
4119
1268
714
676
1708
401
1488
885
1365
117
3154
2252
3137
2366
3565
290
1094
2739
1357
2461
4390
139
3517
2343
1871
728
3463
4045
4263
3577
1278
1637
2119
4401
2945
3954
249
2218
1443
2724
66
1753
4338
1613
378
1944
72
433
4454
2967
3484
2462
1811
760
260
3560
2061
4173
4858
4507
344
509
2200
2792
4292
384
4854
1902
1240
2588
4703
1
1404
3818
1108
799
3032
1982
1415
2286
4133
34
4215
3992
2232
175
1184
392
3760
581
4435
2079
3084
3771
3315
2383
2912
2099
2235
176
2782
1873
4677
4702
610
3056
2767
419
3814
1546
1887
3990
1381
583
630
1761
1333
1932
3045
4301
4440
1073
2505
4819
4729
3829
4739
586
245
4500
1526
782
3802
2801
1302
578
2949
3653
3473
4614
1190
134
4526
3457
3549
711
1133
4087
3987
2213
3324
4917
4747
4868
4442
2362
3684
126
4059
4529
4824
933
235
3151
4854
2561
3496
2510
4062
112
1716
3701
4248
1329
2622
4294
3483
401
3997
2102
3197
52
799
2523
1960
286
3286
1680
2500
2861
961
2340
3972
695
3595
1476
183
1150
2848
2114
1549
1385
1049
3062
3815
2708
2480
2975
175
4218
2149
199
272
3805
2361
1788
4708
2001
3594
4100
2120
1029
3118
3446
2575
2848
2487
3283
1021
963
3571
4608
2806
1240
2058
3287
4824
2000
2425
2263
664
3239
4214
2747
1259
3869
1088
1752
3929
4537
1542
3575
2373
1693
3322
116
3110
1285
2601
4265
148
2642
3692
1916
4115
4894
598
1568
4935
4489
3060
886
3181
3247
1799
2034
4622
1653
570
2065
84
2020
1280
1192
3714
525
2866
264
1917
1040
4852
4360
2700
2168
2502
2032
980
1886
2265
4334
4398
1678
3780
4457
1556
4171
3042
2478
179
4797
475
468
1614
4184
2534
949
222
3584
1183
1496
1722
853
2044
80
3217
4208
4252
4631
4710
205
3125
1151
2178
1190
524
2646
858
767
2395
1079
4274
3643
3371
1532
4657
3616
4455
1763
3838
347
1726
1404
416
1987
1786
3089
3956
1708
3097
2924
261
1662
1694
4855
3317
2929
4791
2606
4303
4565
1665
4124
1214
3952
2801
1641
4008
4260
726
740
4860
2995
4100
4120
1075
3283
658
33
4443
1736
4296
1778
322
3520
2159
2952
2557
1484
3892
3645
1397
2051
2307
140
945
877
2601
228
333
1166
913
2693
3690
1943
2450
3106
3238
2482
4624
3621
2280
2583
1655
2064
648
1369
3865
253
4205
4791
2464
3146
2340
4110
3962
4097
2989
4179
2470
2261
3626
1494
3067
906
3820
2622
94
212
427
3784
700
4951
200
2102
1224
1279
1652
3251
2032
2770
3252
4037
225
3745
3673
1711
4248
2867
1616
4700
4797
1978
2925
1762
2578
4151
1082
3513
405
963
3925
1663
4864
2091
4373
2302
1246
398
1238
36
4743
2852
2741
4815
985
1747
177
2847
4796
1920
2283
2082
2726
2871
2273
1350
2273
4957
4135
427
3944
1116
2800
930
1227
4906
3959
199
3348
1990
3890
2049
1163
585
2386
4536
2905
1807
3024
726
3548
3287
4310
3735
4481
3923
2929
2247
3776
4124
1214
2038
1846
4451
178
3045
2443
1140
1921
4905
4993
4574
1009
1945
1022
1427
3440
1085
3
2845
4176
3203
3290
4758
4812
60
3936
2094
1834
54
105
1490
3120
1667
456
1824
769
3685
1378
3744
2072
974
3172
3233
2500
3835
339
100
4812
2726
4918
225
2035
3476
1444
337
3878
915
2438
1053
1314
1238
4525
2950
2463
310
2206
1461
4639
1550
4022
4453
2386
2999
4353
1471
4606
3664
3401
735
436
4260
2912
4174
3338
2018
1109
1950
1005
3336
1873
1167
52
1627
653
3718
4156
926
2756
508
2239
3436
3655
3619
4551
1453
676
4326
3999
834
993
3262
2890
4433
2136
4457
1315
4772
3352
2395
2775
509
3996
736
294
1167
3808
2847
2157
3965
4371
2829
673
539
1263
1288
4777
4788
2399
2729
3115
1082
4870
1050
3263
4595
131
1297
79
2582
745
4545
1790
1986
995
3474
1311
4916
3615
3998
2465
4150
562
3052
1228
1026
2204
4526
850
2776
1595
4115
1740
604
3490
4800
2272
3603
1596
2552
282
1888
2157
1807
1846
159
2313
2252
4114
303
2859
2448
2361
3512
1963
1869
3146
3844
4118
1004
439
1105
2099
4282
4848
1433
3988
2688
2634
3982
2386
2135
1012
1661
3794
4823
4372
2975
2725
4075
2413
623
2583
3368
899
672
3470
2582
3648
3785
1099
3825
649
2226
703
504
1690
3066
405
1754
2680
4329
4782
4687
2943
1592
1488
4424
1103
2909
1652
1323
4832
4791
3445
1328
655
1369
2623
3903
4209
2798
4103
2599
3831
2443
4601
889
1126
336
3166
545
1226
2974
3991
1501
2733
1531
4238
835
3016
2183
3737
4236
3366
3341
3317
1075
715
247
4236
4000
3084
2557
2619
780
4631
262
89
4990
3217
2541
4806
3007
3689
2884
908
2695
3676
2175
4000
4130
509
4234
664
4645
3097
679
1143
4538
919
3887
1289
794
4079
3267
2580
4237
3305
985
2510
666
2056
3819
1949
3624
4458
2820
1127
633
2597
2008
1728
933
4830
1439
4232
962
3157
3581
2034
4106
2358
85
2054
3510
1579
3736
532
1087
266
2551
2446
2190
4864
4774
3535
3813
509
4748
197
4599
3007
486
4660
2375
760
4077
672
4415
3935
948
3626
2135
4111
3389
3482
473
1820
2681
4043
2777
1894
2636
3171
4614
2316
353
296
4565
1274
2494
130
1719
4500
2480
4864
3297
541
554
1223
1530
542
4805
3682
1720
1244
1878
838
3155
413
1296
3375
1405
2591
1995
4344
4374
137
3969
486
333
4762
1649
2163
4137
3399
3961
4023
2704
4061
3873
3949
2870
2524
2549
3942
3713
4050
196
3583
1475
1121
2064
4395
3309
3086
4056
1953
1154
1933
2883
1859
4180
4924
729
763
2434
4662
3940
4478
469
281
4349
1814
3017
4820
456
227
4982
3541
3834
2506
345
882
3822
2739
3888
4992
767
4517
995
3282
4822
4892
4165
270
3582
3891
302
26
2655
1516
289
4916
3586
2001
1811
4980
3428
3793
2936
3195
4660
3113
2468
1084
3070
4230
3685
1609
4689
527
657
2067
860
2269
985
3743
3044
4506
468
2409
1012
1911
3886
4366
4688
1484
1832
1619
993
3931
1287
1947
2705
257
2388
87
1540
1542
715
4984
2340
2143
3225
67
4546
4602
1871
3831
849
3323
1866
1559
1272
3716
1462
900
3737
3848
2138
4137
4560
1821
2068
3430
4194
4022
1785
2000
6
2115
4046
4212
3794
145
4974
791
2273
2414
726
1937
3782
2829
3060
952
3989
2299
3407
4079
2508
2363
3249
3674
916
634
3899
1474
825
1857
1025
1706
3350
2319
3623
4995
3519
124
3478
3565
4911
4364
4515
1000
1088
2533
1916
944
1198
2637
3246
3446
2439
4304
3382
328
1981
1886
1505
1843
306
1961
1955
1132
1872
2871
1356
446
2478
4929
1969
3872
677
1722
913
360
3133
481
1526
3168
857
2852
1849
2449
4852
1520
937
1611
804
3037
1479
231
3133
2916
1955
1780
3857
499
3438
3145
1471
3367
4949
4934
4266
4104
2189
1876
1304
1012
2381
1185
2532
4006
2882
3626
2422
2259
3233
2167
3818
1347
4304
1505
627
4569
4233
3495
4387
855
3934
3444
728
145
49
553
2226
1440
354
2296
4171
3766
794
2383
4334
1136
4514
34
1897
4238
1491
4727
4340
3978
2614
200
4212
171
4372
4495
403
2685
4604
4026
757
2068
1141
4196
4580
2211
3547
1876
4897
3947
3568
1125
1114
546
2367
2930
3070
3963
2072
2328
2322
4346
717
2257
946
4753
3133
2640
2021
3240
984
705
4438
486
2696
4334
2706
2918
3681
4244
4886
3827
3930
3153
3896
3351
3723
701
3992
2301
3962
1769
348
4722
353
3023
311
4768
494
2961
94
4940
4717
4486
365
4990
398
1024
3463
3816
334
2521
3699
507
3690
1229
564
259
2979
4047
2450
1302
2506
3329
894
87
2721
1486
2237
3968
958
1431
26
3295
2128
4871
2445
3356
2999
3753
4563
888
887
1692
208
4925
1675
2044
2807
2619
3347
2408
3681
2270
4393
1721
4820
3234
1735
778
1388
543
93
4994
1836
1063
4056
4411
738
2745
436
518
1204
4073
1920
2217
2
2117
3396
4360
4303
4705
4812
1649
4343
83
3894
3311
1125
1118
3549
4908
2694
500
2334
2832
1471
3671
1932
4514
3556
2148
3183
3167
3939
1745
1851
4905
4047
2722
1973
3415
157
2259
3336
2987
2738
3767
345
4578
2948
2462
2320
1765
3131
2301
29
3897
3367
874
111
2501
807
1079
2872
3987
2803
1440
4829
2032
3590
745
307
1566
2592
2281
1308
3171
277
3315
1882
1822
4818
1610
2223
2351
4758
2745
3737
681
4267
4676
4446
4911
3585
4527
4142
3535
2695
1832
874
4704
1319
2561
4503
197
2886
4070
4252
919
4201
2758
430
2133
1157
3625
722
1283
3994
4101
3777
4243
3282
3492
2120
2057
23
4147
2759
4732
4997
963
2272
1483
3768
2181
3543
2859
4561
1510
3783
4592
1555
4488
2934
596
1028
644
3082
3532
2153
2493
3026
480
3203
2563
2725
3830
2378
711
4969
3196
453
717
1210
3246
4978
2750
210
4677
2820
1615
1803
1125
4399
4828
3845
3757
4137
4483
3140
2415
2227
2533
964
2654
3070
621
593
1759
386
2800
3114
3828
3294
2553
3676
4313
1399
4318
3257
2995
238
4314
965
1214
1288
856
3859
4334
3085
485
317
3843
1915
3207
3976
167
1977
2805
3371
2311
847
1752
2489
3653
1617
4476
4594
4807
3051
2839
836
4277
3700
3498
1368
738
4984
3470
4897
2178
1868
2627
2888
1808
2909
4
1896
3583
4144
4826
1852
1450
3479
2860
4453
902
4007
4271
4218
4276
929
436
165
2257
2586
4301
3520
3448
1430
1719
1347
1487
630
4870
2498
130
1423
3306
808
905
223
3380
1055
442
3003
2816
789
353
2413
3975
775
1561
661
1905
3453
2337
3213
1648
2533
4890
4965
3362
2543
4264
1661
3759
4928
451
4978
3016
2091
96
4870
2816
2553
2912
2497
3409
4317
4917
1279
608
4354
914
2419
2478
75
2236
4525
41
3586
2592
4800
1702
1501
35
1648
2283
2111
1474
430
4445
2719
2857
549
3051
3053
3148
2984
1468
750
3471
2913
3149
2049
4365
2069
1830
4992
3893
27
4600
3621
2491
2735
3648
4911
1805
180
4969
400
4461
3259
446
1809
4651
2602
3730
4224
655
4280
64
1808
4951
4120
764
4351
341
3582
4337
3424
1611
974
3352
4304
1613
2125
4039
4363
3272
4493
4241
84
4973
3096
4797
3416
974
561
4647
3777
965
2087
949
4576
3685
4072
2285
2789
3535
2694
586
1774
1463
815
774
1223
2009
3106
1219
3840
2290
478
3019
1153
863
504
1833
584
4883
709
2408
2793
2690
1341
3260
2117
982
3436
1934
3819
1023
1809
132
4802
1933
874
2580
4347
929
4060
3852
3449
581
4926
3574
319
1522
16
2332
643
769
4899
3346
4305
827
803
3460
329
2965
4753
1303
3973
4633
1155
512
4045
824
2294
1762
4728
2256
4338
3998
4408
4696
4030
2627
4276
3369
4412
651
1755
4381
611
2684
3122
1316
3904
1534
1058
4663
4060
2584
1242
4562
1199
2495
2491
3402
4223
879
2455
4187
3228
1432
280
3224
3140
2705
4225
1596
255
3104
716
4103
2269
4954
1912
1844
842
3440
1458
347
3766
3039
2722
4245
1294
1599
503
1797
3252
600
859
3163
173
4217
4461
261
2758
4742
1633
3161
4670
2599
2000
3474
3804
658
3533
3900
1925
4801
4598
112
1783
736
3507
1473
4595
846
2990
652
4106
4492
1964
4050
1245
523
3913
115
796
1932
252
1030
3378
4523
3056
4966
2469
4187
4605
1084
2169
853
1329
2719
1894
1521
1825
761
4211
4770
2831
4024
1579
59
3197
1567
1861
1700
4148
3271
1070
4830
4388
4672
4979
3875
860
7
3899
2982
346
3657
2135
2641
3387
4683
386
2248
438
1967
614
4678
548
3531
3727
1034
336
2973
756
1600
469
3605
3054
2709
3414
1801
1480
3647
4712
256
3426
2953
648
4353
33
4464
2759
603
3923
255
4274
160
295
159
229
2754
1301
918
1718
1989
198
2145
450
1839
2883
1156
2541
1369
84
4462
280
127
3645
141
2406
431
61
2574
2291
4756
3673
4095
4327
1735
674
1840
1698
2883
3440
2772
3692
3986
2463
152
2672
263
601
929
4828
2809
1218
455
4902
562
3224
3633
3098
1981
2001
122
2547
3930
680
507
2793
1787
1255
397
3943
4620
4608
253
2323
2413
2551
402
1711
3686
3662
3059
4457
1530
2813
1408
4132
4060
1968
4731
614
1479
2065
3349
4922
1514
2496
2650
4464
2724
1033
1813
4784
1326
2781
4908
1346
1478
2158
4963
4371
1658
1684
202
1243
658
841
1132
4538
945
2135
2361
4335
4596
4985
4040
1001
2830
1055
4579
4370
4139
2151
3887
1798
3422
3888
4711
1368
75
4894
3760
2172
1923
2446
4241
1401
4030
1097
2104
2751
1895
997
4745
2461
2250
2367
3217
3171
1724
1796
1968
1669
3924
4811
3995
4495
4038
2498
3857
328
1972
2753
1395
80
138
4143
140
4567
438
2226
1348
760
1717
4653
2308
592
3912
2277
1082
1477
3404
4041
4094
4790
642
3425
3093
2732
910
3757
3797
196
2235
3836
222
1498
830
3882
1044
2062
4119
12
2570
2464
4367
3097
1850
1556
2165
87
3218
1737
3521
2624
2062
2824
2144
4029
981
1395
4534
1581
531
4926
4913
1313
4665
4500
4613
2438
4634
1406
1503
2903
4542
1465
4228
1523
1959
1489
3505
576
3034
4901
3513
760
3279
3164
435
2933
2812
1319
2562
3089
3150
4667
1966
3653
1791
4314
1643
253
730
2091
4203
3802
734
121
3632
2899
4673
2161
401
1267
460
2661
2186
4180
2188
401
2796
1636
1847
1458
452
4297
3620
1208
3446
1086
3130
2060
1337
4686
140
2590
3259
3090
202
4841
1639
1772
3398
4561
4598
2025
1895
4310
3556
1496
2241
1461
4149
2976
3465
2310
3367
2051
2829
4691
3929
3323
2747
4732
3329
3515
4766
3629
4629
2916
4715
2630
4056
4336
2075
3719
1673
905
1402
4854
930
840
4128
1998
677
3542
425
591
4328
2219
2872
1559
196
3532
1566
1439
4687
4687
3956
2703
937
2724
2145
3895
4713
4742
589
4791
1841
1239
3153
4373
2250
2726
253
4037
4691
2331
4370
156
3607
4129
593
3760
160
3551
2934
885
3370
2321
2104
4840
4462
1036
1099
1484
2988
2666
1440
386
2012
4988
131
3630
1673
4188
464
4866
749
650
3590
4173
4383
1256
2375
4208
3051
360
4452
107
2944
3958
2506
4620
1383
3489
1801
989
2585
2119
2654
4143
4092
2334
4069
932
2413
4150
4031
2173
3022
3282
2028
3546
4636
3164
180
3477
845
3803
1036
4458
3543
4060
2459
4441
2270
2110
3228
2292
1550
1512
1951
564
4545
2524
1649
239
826
51
2870
444
3918
884
4540
1585
301
3688
3838
2764
945
554
4247
3845
4079
3763
4619
4034
3830
853
1492
2365
3554
4967
2158
1089
196
964
1953
526
1747
725
1022
3598
3942
3652
3403
4933
4663
381
4589
3087
108
4340
2859
215
705
1880
4596
1232
1900
2380
4475
4315
412
4886
2875
1430
284
2568
151
1393
74
523
382
3886
2821
1222
1075
736
4012
194
4872
743
4634
2407
4677
1287
1528
2147
4814
3986
687
1094
2713
2683
858
757
3389
144
4772
1347
2453
4926
3613
4694
2675
2026
1868
3833
4203
68
4534
1420
4364
4010
1787
3245
4615
539
2569
1727
4607
3631
3266
2419
1528
4993
573
4225
1841
3468
3899
1258
2305
3805
2155
1003
2686
3597
2601
4730
3882
2602
471
1882
2272
1102
2484
551
4010
3444
4977
962
1576
4401
3317
3335
4414
4547
3456
399
638
1394
3988
3297
2831
666
2821
2617
2734
1683
1615
3821
2162
2533
3510
3369
873
4373
218
3456
1200
4955
3489
4371
4192
4201
3124
4157
2670
4476
4148
421
3121
1
4503
3845
536
3712
1642
2223
3401
761
1694
2588
4811
751
3442
2327
300
770
1246
2989
3342
3239
1142
2903
643
1616
2816
1572
1284
3037
1810
274
1480
31
1348
4260
245
3572
1403
2406
509
1843
4182
241
319
3265
52
1794
4588
3538
1014
4799
4480
4664
238
2438
3943
4185
859
2915
1064
159
144
851
917
1721
1432
1724
1306
1412
724
2278
3351
3871
2603
1127
162
876
1277
4593
3960
176
1841
3125
4875
35
4552
3538
3281
2911
800
1707
2026
244
3668
4263
60
881
3468
1339
32
3296
4400
350
4164
1355
2528
3384
304
97
2600
2768
3370
1637
1849
1015
1566
2076
2795
2446
1625
3034
4260
4434
3027
1211
242
1409
2634
1223
29
4466
3397
794
4987
3661
3858
3266
2689
3854
3962
329
2700
3272
2288
2785
141
1797
201
4170
3326
3339
4572
1042
180
3580
2646
4796
4841
781
368
2939
859
3328
3985
2845
640
3152
3995
3178
2355
4234
613
2282
354
4907
745
4099
3237
1797
3100
340
117
1829
454
2941
308
1909
1319
3103
4580
3538
2168
2531
2422
1848
1187
3867
4198
293
14
657
4943
3488
1250
2648
2584
1511
1624
4626
2749
4308
3581
1486
4960
4712
1689
3771
947
2998
4725
1395
4988
4808
4524
3894
3711
2745
3642
3114
3521
4957
712
3906
2890
1502
4894
27
4057
1399
4193
1186
4315
4814
1533
2873
932
972
2382
3372
950
3019
3418
2147
2534
1260
3183
636
3305
884
2939
293
3081
4551
3968
3658
3771
3991
1352
2093
2736
3046
3901
3824
2779
2455
229
2861
2104
4029
2181
3399
955
3770
3710
342
3398
4916
1057
4666
2672
2861
3559
2417
1793
4385
3721
3309
2667
3657
227
4023
1776
2033
3419
2519
3623
2750
4409
2896
4509
243
1376
592
3886
1959
4807
20
3498
3210
2394
1019
724
2858
4075
1920
2104
4303
3202
321
779
2596
1171
3170
2676
4229
4923
133
643
1564
4590
3740
3345
3662
2255
1293
1695
4733
2189
2073
4765
307
3189
3937
4627
4730
4595
1016
334
1559
4404
3855
304
955
404
4980
4680
234
3643
1617
4885
329
2646
2960
1446
2025
1701
2206
3350
1467
2249
3297
2665
4662
2850
4193
1852
354
462
2310
3257
4940
3817
3667
546
1841
3461
172
421
1064
2646
4464
4824
2516
3623
3664
3987
4010
52
2423
4085
1788
3173
1688
4977
2838
2114
2677
3483
4223
2196
656
939
143
4401
246
290
2474
4212
3153
2826
92
3879
417
2792
1351
3814
4482
4449
2741
1198
1682
887
4863
2075
2987
1811
4566
2211
222
3774
4290
1692
1271
831
1402
3814
1211
1413
1600
111
1701
3262
1235
458
3419
2664
3785
81
807
1833
532
3935
4889
4245
4928
3380
3483
1891
4058
280
3682
950
4060
4669
4093
3097
4365
3892
3948
3761
3142
3713
2877
938
3394
211
3817
3782
719
422
2274
4116
4893
4569
2883
1137
3073
3459
4057
73
2575
1033
3263
4268
942
4362
4391
2206
215
1372
4503
1260
1113
426
205
3551
1140
465
3820
1142
3465
795
1501
2968
779
766
4454
4280
271
1512
481
1120
2234
4671
1101
2319
837
1471
4627
4769
1053
4875
2723
4288
769
2525
2094
4187
1656
4084
4200
1820
1473
3192
4071
4713
4091
1657
4605
2618
1665
1702
4968
4731
1078
1047
1091
2585
3984
357
2565
3625
1518
3131
3649
3289
1019
4409
1508
4474
2920
1766
2244
2656
1298
4953
4771
2538
1425
4188
4075
3065
2092
1540
3965
1810
4385
85
4967
2246
2060
1486
632
3178
1667
4453
159
3648
3079
4107
1892
3976
3151
576
966
4182
1821
4346
71
4959
1079
725
100
3502
2876
1516
2205
1992
2232
3441
4631
232
1515
128
1529
981
1098
2473
1853
1803
385
1041
4341
843
1490
3740
4550
805
715
2381
1865
530
297
2906
3434
2018
4852
984
3005
2420
3312
2421
732
533
3177
1305
90
581
4328
3110
202
2616
4742
33
1027
3715
4945
1683
65
2235
2170
886
2456
3807
3775
1743
1612
2403
2649
299
4809
2767
4993
2143
2493
1751
3089
980
1392
595
2418
2805
4937
2990
3739
1563
4870
4866
1573
4323
411
1168
857
1826
787
2558
3408
3972
3469
890
229
4195
3993
1510
4633
1955
3793
2909
4608
3512
118
57
849
2993
1688
1739
4402
3280
461
4609
4925
4603
3529
2216
2155
2874
4930
1225
4295
4660
4906
4152
2659
1423
3906
3456
2144
2098
496
503
1749
345
1164
4997
3649
837
881
704
3102
2758
1235
1938
4728
3291
2849
2088
3613
4235
823
638
1986
1058
907
3541
4153
634
173
3515
3807
1623
4029
1811
3777
4961
1502
1284
3768
1197
2874
2122
1712
1506
2892
1436
3830
12
4000
1019
2676
1714
2250
3976
987
2696
3803
584
2346
2510
2240
1726
2332
2554
1209
4445
1055
4069
3290
3709
4704
4866
4352
2244
16
229
3072
1416
1383
543
2761
452
648
1038
2080
3976
4508
2746
2793
3723
3833
3153
1173
4530
3174
304
326
2163
2140
59
3229
1323
3379
3041
967
1204
4363
333
2280
3327
2284
349
4264
1970
2921
3431
4753
1401
464
615
4706
1313
947
3716
3705
2295
2094
340
3472
1917
2122
4691
3180
4025
4265
3056
1231
4136
2578
1685
1053
2401
2866
4378
3454
2472
436
2430
11
4744
3729
804
1021
860
4793
1283
2535
3091
3978
1099
116
2164
2223
4048
2017
398
4761
354
1657
3544
116
1625
3387
4551
2829
3095
1783
610
2406
1958
2890
1198
4633
3009
1133
4518
4527
1010
2875
2712
2892
3149
1936
2418
642
4726
3742
1795
1817
1719
3150
2917
2471
219
1409
4522
3436
4779
174
4466
288
649
4949
3863
3715
3471
1869
831
2896
4505
248
955
3404
4611
3899
4061
4647
1284
1844
2677
4812
4753
3649
1600
3833
1773
1301
292
1949
4057
3221
481
2999
2412
1759
207
2725
2581
3253
2725
3010
4460
4535
4139
3141
2818
1588
2391
3922
4941
4910
2201
4678
3599
2020
912
1995
2590
469
3716
2316
1697
4640
3640
3389
3260
1637
1784
1873
3733
525
1751
1382
538
275
3883
1606
2232
4782
4935
161
3520
3484
2054
4279
925
3195
1512
4509
4976
971
2433
2111
646
3981
3899
956
4375
632
188
3330
3424
2409
3581
2208
1507
3212
2130
242
3610
2286
1001
2912
2646
3178
543
32
1148
4565
2019
1096
2503
4185
3009
722
3324
4573
3869
823
1435
3761
4271
981
2609
624
4750
2897
3621
3091
2420
3742
4418
3008
2483
1674
3188
4034
2930
4790
4910
3621
3880
2301
1517
1736
338
3788
160
2735
2743
3951
181
2491
3602
1425
4302
656
646
857
254
2709
2415
2616
495
3288
919
4239
4963
1131
3018
1959
4811
1848
2488
4402
3894
2666
3294
3892
4384
3226
1479
3610
3237
3479
3180
1224
2430
3772
4757
1524
2788
3209
2675
2000
3972
483
795
1288
1677
1449
992
884
2380
4862
4548
564
1052
1859
1629
2495
3066
952
4231
3104
3189
3555
4395
408
1934
288
4164
2646
2741
632
1679
1728
2432
2786
4102
2235
2120
1975
2502
3465
1308
3807
1701
3250
4208
4711
4121
3126
4407
3919
1027
4732
1897
956
2241
2220
122
4085
1280
4814
156
3713
2105
2634
4329
314
1141
2324
2617
4069
4000
2042
1922
2993
386
2876
886
3056
2973
819
1279
2434
1703
17
1072
2813
3777
4125
4272
3374
1850
3246
3231
2926
3347
4126
649
2433
2576
971
721
4068
4331
3516
1913
3787
2959
2719
2680
2336
4467
2805
1014
4567
1082
1168
4096
3889
2840
54
484
2716
4188
817
4203
788
295
2992
2831
1336
2745
1360
160
154
2563
4723
3316
4758
66
74
4256
27
859
448
1446
2844
404
3804
4094
1558
1005
3907
3784
1284
4673
2344
1485
3401
3359
3467
1925
1877
4212
1286
2034
455
2082
4065
734
3066
4256
3661
3618
309
3528
2434
3197
2213
9
923
3251
2045
4798
4307
4473
2385
4491
115
3048
3254
4740
3548
4013
2645
3574
255
2261
2413
921
4386
821
2104
4852
2282
3611
4990
2379
4208
3223
4238
3263
3121
3390
2911
4161
597
735
4222
2630
674
1052
3268
957
2553
1870
3295
3515
2821
272
3392
3354
2091
3000
391
4066
4731
4684
679
1490
3665
4600
2559
1745
61
2789
1788
2156
92
2483
1914
121
2851
2736
2095
1623
4936
2883
3128
1114
3187
3958
2537
2728
2531
1453
1711
4371
947
3895
2209
1013
3087
2563
4595
1673
3196
4253
1361
937
1582
1469
760
533
2046
2543
667
4465
355
3210
917
2398
1046
869
3886
552
1621
3336
1507
2118
4423
174
2308
320
2333
1800
4497
1587
4736
4435
611
3953
80
2628
756
1716
762
515
4992
1601
4978
3202
993
3152
3679
656
729
1833
3723
3267
4522
2404
864
828
2527
2407
3273
4990
2352
1278
2865
4408
2291
4415
2826
1688
2364
3791
382
1915
201
2067
4052
4063
565
969
4297
3769
1219
1664
767
4047
3689
186
3094
4302
404
4541
483
2591
4640
1968
3220
1488
1668
7
1534
4018
3526
3398
4209
3121
850
584
715
768
3306
3559
1635
1404
234
3059
2629
3640
276
2659
2212
4186
2897
157
3179
3885
932
2745
1598
2300
1508
3848
898
4735
2932
4186
1741
3752
2464
2591
1058
1224
4178
3307
801
1700
2484
1044
3756
3399
274
2863
5000
4476
1048
2013
3407
4262
1853
3240
2939
2106
3307
1701
3338
50
4535
3557
4209
57
4336
515
441
1692
514
3072
366
2182
1874
2988
1044
2547
2040
4559
2583
1082
913
1586
480
3766
3276
2557
1534
370
4780
439
6
4877
3318
659
1355
4547
3575
1293
1054
3446
4347
3248
713
3460
2113
195
2961
3901
189
3343
329
4585
730
4719
1669
1879
1785
4455
2503
2585
3596
2756
3033
1680
2315
629
4467
1876
404
152
732
687
985
70
3627
4175
3575
738
4926
850
736
4018
4014
4250
4343
3528
4139
3568
1374
3782
4509
3340
2361
3128
4030
581
870
88
659
981
4708
631
3019
4717
3845
165
3143
2196
1410
3548
933
585
2487
4207
2225
3278
876
4543
3140
1567
1402
4148
3734
642
4858
23
3843
708
4159
3881
3405
3459
3831
853
3479
4342
531
1362
2641
2063
4902
3748
1426
3573
4679
4226
19
323
656
3112
1444
4926
797
1863
4092
1489
3528
4366
3548
2800
3955
3073
4320
3207
1623
1052
2262
2548
160
4745
3189
3687
3083
4244
2429
4287
875
3200
3828
2244
2383
4050
31
3791
3513
1115
3702
3693
3205
4252
1708
3060
645
4190
1195
2301
3743
2350
2917
4408
1945
2962
3139
2294
1588
3557
918
3184
4102
1429
2618
3117
1557
3538
32
455
228
398
2609
3943
1105
904
2870
3254
1496
4714
2274
3131
4200
1773
2454
1250
22
4777
3969
4622
772
4915
1449
4931
3246
4011
297
4494
147
2271
917
1638
1306
197
1752
2138
3061
886
2317
2067
171
4825
1791
1787
3153
3536
2659
1075
4530
877
2383
1369
65
1586
4032
2881
691
707
4371
1911
2518
4860
4930
2033
993
1916
3183
1948
1004
4566
2070
2707
2498
393
1749
2689
964
1559
2657
216
3939
928
3651
886
3585
3466
3261
4806
1210
2060
849
2645
2599
479
2778
4095
2878
3060
1539
2642
1703
830
3138
1750
3484
2225
4956
4477
3487
3245
2725
1258
3631
1882
1205
4126
1996
4919
3686
4868
2112
1762
406
4726
2308
4768
574
4079
1593
3664
1758
2155
1747
3038
4017
4253
584
1555
4304
2135
3623
4506
4356
2201
726
2528
2484
838
624
3857
1439
1851
4627
274
784
2195
1228
2978
3021
4334
767
3976
3055
1412
3783
1241
446
97
3214
1787
3301
386
4115
1033
1573
1875
164
4304
1030
2015
3808
2084
2114
3637
1550
4693
455
1611
2524
4372
2852
1839
2233
3386
4134
4899
4001
643
1405
1596
3522
1491
2855
3317
1597
824
3491
1607
2034
3347
4830
3591
520
1880
4888
2933
1134
4871
3521
4812
122
2876
1518
2994
1479
606
4665
2484
867
1307
1363
2346
3402
3642
4307
267
1888
2957
3132
3131
151
3803
913
1384
1220
3836
2900
4252
2231
781
879
2920
2125
3977
1128
4661
4355
104
2997
2486
112
4126
3784
2330
2761
1117
3710
2960
1546
2615
2488
2759
1887
2381
1195
2297
965
945
4877
2134
683
1139
2623
1608
491
2871
2634
1456
26
4779
135
1000
963
3027
878
4267
4034
3437
2364
3889
662
2360
3834
1794
4249
4156
4571
1759
3775
3936
3008
629
1961
3269
1705
2597
1957
3868
275
4284
173
4899
4951
2466
3631
3436
4596
1220
2956
4758
3596
948